0 1465284012.0 1465338493.0
1 1465284012.0 1465338493.0
2 1465284012.0 1465338493.0
3 1465284012.0 1465338493.0
4 1465284012.0 1465338493.0
5 1465284012.0 1465338493.0
6 1465284012.0 1465327346.0
7 1465284012.0 1465308479.0
8.0 1465288277.0 1465290465.0
9.0 1465288277.0 1465288591.0
10.0 1465288277.0 1465288591.0
11.0 1465288277.0 1465288591.0
12.0 1465288462.0 1465288472.0
13.0 1465288462.0 1465288472.0
14.0 1465288462.0 1465288472.0
8.0 1465304598.0 1465308479.0
9.0 1465304598.0 1465307605.0
10.0 1465304598.0 1465307605.0
11.0 1465305348.0 1465305706.0
11.0 1465307308.0 1465307605.0
