1465175068 20 0 1
1465175544 21 1 0
1465186073 20 0 1
1465186305 21 1 0
1465190648 20 0 1
1465190871 21 1 0
1465197692 20 0 1
1465198094 21 1 0
1465198790 20 0 1
1465202909 19 0 1
1465202979 20 1 0
1465203678 21 1 0
1465204523 20 0 1
1465212426 21 1 0
1465213135 20 0 1
1465213728 21 1 0
1465214191 20 0 1
1465214417 21 1 0
1465240911 20 0 1
1465241289 21 1 0
1465257395 20 0 1
1465257763 21 1 0
1465284011 20 0 1
1465284692 21 1 0
1465285880 20 0 1
1465287312 21 1 0
1465288276 20 0 1
1465288461 19 0 1
1465288469 17 0 2
1465288471 16 0 1
1465288550 17 1 0
1465288590 16 0 1
1465288751 17 1 0
1465288843 18 1 0
1465289903 17 0 1
1465290168 18 1 0
1465290464 17 0 1
1465290718 18 1 0
1465291145 19 1 0
1465293346 18 0 1
1465293822 19 1 0
1465298931 20 1 0
1465300073 19 0 1
1465300197 20 1 0
1465302871 19 0 1
1465303007 20 1 0
1465304597 19 0 1
1465304938 18 0 1
1465304955 19 1 0
1465305036 18 0 1
1465305074 19 1 0
1465305347 18 0 1
1465305428 17 0 1
1465305429 16 0 1
1465305430 15 0 1
1465305703 14 0 1
1465305705 13 0 1
1465305728 14 1 0
1465305750 15 1 0
1465305860 16 1 0
1465305899 17 1 0
1465306097 18 1 0
1465306115 19 1 0
1465306385 20 1 0
1465306574 19 0 1
1465306623 18 0 1
1465306873 17 0 1
1465307244 18 1 0
1465307256 19 1 0
1465307300 20 1 0
1465307307 19 0 1
1465307402 18 0 1
1465307405 17 0 1
1465307432 16 0 1
1465307446 15 0 1
1465307604 14 0 1
1465307627 15 1 0
1465307718 16 1 0
1465307843 17 1 0
1465307916 18 1 0
1465308209 19 1 0
1465308225 20 1 0
1465308478 19 0 1
1465308532 20 1 0
1465316069 19 0 1
1465316221 18 0 1
1465316530 19 1 0
1465321738 18 0 1
1465322220 19 1 0
1465327345 18 0 1
1465328056 19 1 0
1465330843 20 1 0
1465338492 19 0 1
