1311729891 510 0 1
1311739345 509 0 1
1311739366 508 0 1
1311739390 507 0 1
1311739560 508 1 0
1311739572 509 1 0
1311739798 510 1 0
1311750359 511 1 0
1311752190 510 0 1
1311752469 511 1 0
1311753522 510 0 1
1311753615 509 0 1
1311753828 510 1 0
1311754013 511 1 0
1311754527 510 0 1
1311754529 509 0 1
1311754780 510 1 0
1311755151 511 1 0
1311760690 510 0 1
1311779819 509 0 1
1311780211 510 1 0
1311783135 511 1 0
1311796699 510 0 1
1311796996 511 1 0
1311797849 510 0 1
1311798068 511 1 0
1311798196 510 0 1
1311798942 511 1 0
1311804390 510 0 1
1311804397 509 0 1
1311804601 510 1 0
1311804609 511 1 0
1311815554 510 0 1
1311816355 511 1 0
1311818583 510 0 1
1311818985 511 1 0
1311819256 510 0 1
1311819261 509 0 1
1311821349 508 0 1
1311822381 509 1 0
1311822851 508 0 1
1311822880 507 0 1
1311822887 506 0 1
1311822888 504 0 2
1311822889 503 0 1
1311822894 501 0 2
1311822895 500 0 1
1311822899 499 0 1
1311822907 498 0 1
1311822908 497 0 1
1311822909 496 0 1
1311822923 495 0 1
1311822926 494 0 1
1311822933 493 0 1
1311822934 492 0 1
1311822941 491 0 1
1311822943 490 0 1
1311823135 491 1 0
1311823155 492 1 0
1311823383 493 1 0
1311823670 494 1 0
1311823687 495 1 0
1311823771 496 1 0
1311823893 497 1 0
1311823902 498 1 0
1311824047 499 1 0
1311824268 500 1 0
1311824648 501 1 0
1311824752 502 1 0
1311824971 503 1 0
1311825042 504 1 0
1311825143 505 1 0
1311825180 506 1 0
1311825334 507 1 0
1311825348 508 1 0
1311825365 509 1 0
1311825642 508 0 1
1311825842 509 1 0
1311826036 510 1 0
1311826945 507 0 3
1311826946 505 0 2
1311826949 504 0 1
1311826952 503 0 1
1311827146 504 1 0
1311827835 505 1 0
1311828214 506 1 0
1311828408 507 1 0
1311828420 508 1 0
1311828740 509 1 0
1311829467 510 1 0
1311831711 508 0 2
1311831714 507 0 1
1311831729 506 0 1
1311831919 507 1 0
1311832220 508 1 0
1311832319 509 1 0
1311832408 508 0 1
1311832606 509 1 0
1311832920 510 1 0
1311834275 511 1 0
1311834331 510 0 1
1311834571 511 1 0
1311837640 510 0 1
1311838049 511 1 0
1311859000 510 0 1
1311859872 511 1 0
1311868318 510 0 1
1311869698 511 1 0
1311876953 510 0 1
1311877387 511 1 0
1311890613 510 0 1
1311891142 511 1 0
1311895633 510 0 1
1311896032 511 1 0
