1409011327 70 1 0
1409011452 69 0 1
1409011815 70 1 0
1409012000 69 0 1
1409012423 70 1 0
1409012686 69 0 1
1409013051 70 1 0
1409013790 69 0 1
1409013960 70 1 0
1409014658 69 0 1
1409014876 70 1 0
1409015230 69 0 1
1409015423 70 1 0
1409015778 69 0 1
1409015828 68 0 1
1409015971 69 1 0
1409016084 68 0 1
1409016459 69 1 0
1409016752 70 1 0
1409018235 69 0 1
1409018498 68 0 1
1409019401 69 1 0
1409021110 68 0 1
1409021198 67 0 1
1409021227 68 1 0
1409021384 69 1 0
1409021690 70 1 0
1409034938 69 0 1
1409035232 70 1 0
1409036716 69 0 1
1409037043 70 1 0
1409037947 69 0 1
1409061956 68 0 1
1409062575 67 0 1
1409062893 68 1 0
1409064419 67 0 1
1409065272 68 1 0
1409068884 69 1 0
1409069952 68 0 1
1409070457 69 1 0
1409072363 68 0 1
1409072750 69 1 0
1409073971 68 0 1
1409074412 69 1 0
1409075603 68 0 1
1409076444 69 1 0
1409077031 68 0 1
1409077783 69 1 0
1409078817 68 0 1
1409079159 69 1 0
1409083129 68 0 1
1409083296 67 0 1
1409083673 68 1 0
1409083680 69 1 0
1409083978 68 0 1
1409084029 69 1 0
1409084740 68 0 1
1409084757 69 1 0
1409090055 68 0 1
1409090526 69 1 0
1409091657 68 0 1
1409092136 69 1 0
1409092212 68 0 1
1409092345 69 1 0
1409097334 70 1 0
1409098302 69 0 1
1409098901 68 0 1
1409099280 69 1 0
1409101193 68 0 1
1409102335 67 0 1
1409102635 68 1 0
1409102807 69 1 0
1409103138 70 1 0
1409104899 69 0 1
1409105286 68 0 1
1409105602 69 1 0
1409106113 68 0 1
1409106243 69 1 0
1409106262 70 1 0
1409107019 69 0 1
1409107175 68 0 1
1409107513 69 1 0
1409108265 70 1 0
1409109462 69 0 1
1409110190 68 0 1
1409110607 69 1 0
1409110690 70 1 0
1409112584 69 0 1
1409113094 70 1 0
1409115794 69 0 1
1409116269 70 1 0
1409117363 69 0 1
1409118929 68 0 1
1409119450 67 0 1
1409119581 68 1 0
1409120074 69 1 0
1409121040 68 0 1
1409123357 69 1 0
1409125085 68 0 1
1409125093 66 0 2
1409125095 65 0 1
1409125097 64 0 1
1409125098 62 0 2
1409125099 61 0 1
1409125100 58 0 3
1409125101 57 0 1
1409125102 55 0 2
1409125104 53 0 2
1409125105 52 0 1
1409125106 51 0 1
1409125107 50 0 1
1409125110 49 0 1
1409125111 48 0 1
1409125113 46 0 2
1409125114 45 0 1
1409125118 43 0 2
1409125120 42 0 1
1409125124 41 0 1
1409125155 42 1 0
1409125168 43 1 0
1409125247 44 1 0
1409125286 45 1 0
1409125294 46 1 0
1409125316 47 1 0
1409125357 48 1 0
1409125359 49 1 0
1409125384 50 1 0
1409125397 51 1 0
1409125565 52 1 0
1409125570 53 1 0
1409125571 54 1 0
1409125580 55 1 0
1409125602 56 1 0
1409125657 57 1 0
1409125695 58 1 0
1409125714 59 1 0
1409125724 60 1 0
1409125733 61 1 0
1409125778 62 1 0
1409125875 63 1 0
1409125940 64 1 0
1409126026 65 1 0
1409126171 66 1 0
1409126216 67 1 0
1409126225 68 1 0
1409126335 69 1 0
1409126412 70 1 0
1409128742 69 0 1
1409128757 68 0 1
1409128823 69 1 0
1409128913 68 0 1
1409128917 67 0 1
1409128928 66 0 1
1409128930 65 0 1
1409128934 64 0 1
1409128955 63 0 1
1409129025 64 1 0
1409129030 65 1 0
1409129070 66 1 0
1409129091 65 0 1
1409129100 66 1 0
1409129108 65 0 1
1409129109 64 0 1
1409129113 65 1 0
1409129140 66 1 0
1409129187 67 1 0
1409129239 68 1 0
1409129296 69 1 0
1409129425 70 1 0
1409129566 69 0 1
1409129692 70 1 0
1409130659 69 0 1
1409130716 68 0 1
1409131354 67 0 1
1409131411 68 1 0
1409131423 67 0 1
1409131429 66 0 1
1409131440 65 0 1
1409131468 66 1 0
1409131505 67 1 0
1409131646 66 0 1
1409131647 65 0 1
1409131648 63 0 2
1409131654 62 0 1
1409131655 61 0 1
1409131656 60 0 1
1409131660 59 0 1
1409131662 57 0 2
1409131663 56 0 1
1409131664 53 0 3
1409131665 50 0 3
1409131666 48 0 2
1409131667 47 0 1
1409131668 46 0 1
1409131671 45 0 1
1409131829 44 0 1
1409131871 43 0 1
1409131914 42 0 1
1409131932 41 0 1
1409131936 40 0 1
1409131945 39 0 1
1409131946 38 0 1
1409131947 37 0 1
1409131949 36 0 1
1409131950 35 0 1
1409131952 34 0 1
1409131954 33 0 1
1409131955 32 0 1
1409131956 31 0 1
1409131957 30 0 1
1409131960 29 0 1
1409131961 28 0 1
1409131966 27 0 1
1409131969 26 0 1
1409131970 25 0 1
1409131981 24 0 1
1409131986 22 0 2
1409131989 21 0 1
1409132002 22 1 0
1409132082 23 1 0
1409132118 22 0 1
1409132124 21 0 1
1409132129 20 0 1
1409132173 19 0 1
1409136990 18 0 1
1409137050 19 1 0
1409137054 20 1 0
1409137056 21 1 0
1409137068 22 1 0
1409137085 23 1 0
1409137115 24 1 0
1409137123 25 1 0
1409137131 26 1 0
1409137149 27 1 0
1409137254 28 1 0
1409137264 29 1 0
1409137327 30 1 0
1409137342 31 1 0
1409137363 32 1 0
1409137375 33 1 0
1409137385 34 1 0
1409137420 35 1 0
1409137430 36 1 0
1409137459 37 1 0
1409137475 38 1 0
1409137476 39 1 0
1409137524 40 1 0
1409137525 41 1 0
1409137582 42 1 0
1409137591 43 1 0
1409137599 44 1 0
1409137644 45 1 0
1409137663 46 1 0
1409137777 47 1 0
1409137802 48 1 0
1409137877 49 1 0
1409137897 50 1 0
1409137915 51 1 0
1409137926 52 1 0
1409137952 53 1 0
1409137956 54 1 0
1409138058 55 1 0
1409138081 56 1 0
1409138141 57 1 0
1409138146 58 1 0
1409138168 59 1 0
1409138196 60 1 0
1409138227 61 1 0
1409138233 62 1 0
1409138266 63 1 0
1409138300 64 1 0
1409138323 65 1 0
1409138334 66 1 0
1409138418 67 1 0
1409138432 68 1 0
1409139508 69 1 0
1409141280 68 0 1
1409141810 69 1 0
1409143101 68 0 1
1409143550 67 0 1
1409143623 68 1 0
1409143806 69 1 0
1409150004 68 0 1
1409150044 69 1 0
1409151974 68 0 1
1409153005 67 0 1
1409153738 68 1 0
1409153838 67 0 1
1409153934 68 1 0
1409154063 69 1 0
1409156479 68 0 1
1409156495 67 0 1
1409156763 68 1 0
1409156989 69 1 0
1409157540 68 0 1
1409157838 69 1 0
1409158697 68 0 1
1409159054 69 1 0
1409165899 68 0 1
1409166604 67 0 1
1409166798 68 1 0
1409168645 67 0 1
1409168988 68 1 0
1409169264 67 0 1
1409169938 68 1 0
1409170104 67 0 1
1409171102 66 0 1
1409171395 67 1 0
1409171507 68 1 0
1409171569 67 0 1
1409171587 68 1 0
1409171731 67 0 1
1409171900 66 0 1
1409172134 67 1 0
1409172299 68 1 0
1409172565 67 0 1
1409172673 66 0 1
1409172863 67 1 0
1409173271 68 1 0
1409173782 67 0 1
1409173793 68 1 0
1409173951 67 0 1
1409176401 66 0 1
1409176422 67 1 0
1409176528 68 1 0
1409176639 67 0 1
1409176710 68 1 0
1409176825 67 0 1
1409177673 66 0 1
1409177683 67 1 0
1409178125 68 1 0
1409178757 67 0 1
1409178808 66 0 1
1409178864 67 1 0
1409178985 66 0 1
1409179230 67 1 0
1409179559 68 1 0
1409179813 67 0 1
1409179958 68 1 0
1409180104 67 0 1
1409180444 66 0 1
1409180591 67 1 0
1409181110 68 1 0
