0 1409098303.0 1409180105.0
1 1409098303.0 1409180105.0
2 1409098303.0 1409180105.0
3 1409098303.0 1409180105.0
4 1409098303.0 1409180105.0
5 1409098303.0 1409180105.0
6.0 1409104900.0 1409132174.0
7.0 1409125086.0 1409132174.0
8.0 1409125086.0 1409125125.0
9.0 1409125086.0 1409125125.0
10.0 1409125086.0 1409125125.0
11.0 1409125086.0 1409125125.0
12.0 1409125086.0 1409125125.0
13.0 1409125086.0 1409125125.0
14.0 1409125086.0 1409125125.0
15.0 1409125086.0 1409125125.0
16.0 1409125098.0 1409125122.0
8.0 1409128743.0 1409132174.0
9.0 1409128743.0 1409129109.0
10.0 1409128743.0 1409129109.0
9.0 1409131355.0 1409132174.0
10.0 1409131355.0 1409132174.0
11.0 1409131647.0 1409132174.0
12.0 1409131647.0 1409131675.0
13.0 1409131647.0 1409131675.0
14.0 1409131647.0 1409131675.0
15.0 1409131655.0 1409131675.0
16.0 1409131661.0 1409131669.0
17.0 1409131662.0 1409131666.0
12.0 1409131915.0 1409131990.0
13.0 1409131946.0 1409131990.0
14.0 1409131946.0 1409131990.0
15.0 1409131946.0 1409131971.0
6.0 1409168646.0 1409180105.0
7.0 1409168646.0 1409180105.0
