1409098303.0
1409102336.0
1409104900.0
1409105287.0
1409106114.0
1409107020.0
1409107176.0
1409109463.0
1409112585.0
1409117364.0
1409118930.0
1409119451.0
1409125086.0
1409125089.0
1409125091.0
1409125094.0
1409125096.0
1409125098.0
1409125098.5
1409125099.0
1409125100.0
1409125101.0
1409125102.0
1409125102.5
1409125103.0
1409125105.0
1409125107.0
1409125108.0
1409125111.0
1409125114.0
1409125115.0
1409125118.3333333
1409125118.6666667
1409125119.0
1409125121.0
1409125122.0
1409125125.0
1409128743.0
1409128758.0
1409128914.0
1409128918.0
1409128931.0
1409128956.0
1409129092.0
1409129109.0
1409129567.0
1409130660.0
1409131355.0
1409131424.0
1409131430.0
1409131441.0
1409131647.0
1409131649.0
1409131655.0
1409131656.0
1409131657.0
1409131661.0
1409131662.0
1409131662.5
1409131663.0
1409131664.0
1409131664.5
1409131665.0
1409131665.3333333
1409131665.6666667
1409131666.0
1409131667.0
1409131668.0
1409131669.0
1409131672.0
1409131675.0
1409131830.0
1409131872.0
1409131915.0
1409131946.0
1409131947.0
1409131948.0
1409131951.0
1409131952.0
1409131953.0
1409131955.0
1409131957.0
1409131958.0
1409131961.0
1409131967.0
1409131970.0
1409131971.0
1409131982.0
1409131986.5
1409131987.0
1409131990.0
1409132119.0
1409132125.0
1409132130.0
1409132174.0
1409141281.0
1409143551.0
1409145996.0
1409150005.0
1409153006.0
1409153839.0
1409156480.0
1409157541.0
1409166605.0
1409168646.0
1409169265.0
1409170000.0
1409170105.0
1409171103.0
1409171570.0
1409171732.0
1409171901.0
1409172566.0
1409172674.0
1409176402.0
1409176640.0
1409176826.0
1409177674.0
1409178758.0
1409178809.0
1409178986.0
1409179814.0
1409180105.0
