0 1311811204.0 1311897600.0
1 1311811204.0 1311897600.0
2 1311811204.0 1311897600.0
3.0 1311811329.0 1311897600.0
4.0 1311811329.0 1311811772.0
5.0 1311811329.0 1311811404.0
6.0 1311811329.0 1311811379.0
7.0 1311811338.5 1311811362.0
8.0 1311811338.5 1311811358.0
4.0 1311822268.0 1311822987.0
5.0 1311822852.0 1311822987.0
6.0 1311822852.0 1311822987.0
7.0 1311822852.0 1311822958.0
8.0 1311822879.0 1311822948.0
9.0 1311822879.0 1311822948.0
10.0 1311822879.0 1311822914.0
11.0 1311822899.0 1311822911.0
10.0 1311822923.5 1311822942.0
4.0 1311826945.25 1311827022.0
5.0 1311826945.25 1311827022.0
6.0 1311826945.25 1311826978.0
7.0 1311826945.25 1311826978.0
8.0 1311826945.25 1311826963.0
9.0 1311826945.25 1311826961.0
10.0 1311826945.25 1311826953.0
11.0 1311826945.25 1311826953.0
12.0 1311826946.0 1311826947.0
13.0 1311826946.0 1311826947.0
4.0 1311831686.0 1311832105.0
5.0 1311831686.0 1311831768.0
6.0 1311831711.0588236 1311831721.0
7.0 1311831711.0588236 1311831721.0
8.0 1311831711.0588236 1311831721.0
9.0 1311831711.0588236 1311831721.0
10.0 1311831711.0588236 1311831715.0
11.0 1311831711.0588236 1311831712.0
12.0 1311831711.0588236 1311831712.0
13.0 1311831711.0588236 1311831712.0
