0 1465257606.0 1465343978.0
1 1465257606.0 1465343978.0
2 1465257606.0 1465343978.0
3 1465257606.0 1465343978.0
4 1465257606.0 1465343978.0
5 1465257606.0 1465343934.0
6.0 1465257986.0 1465258287.0
7.0 1465258210.0 1465258243.0
6.0 1465258760.0 1465259828.0
7.0 1465259159.0 1465259275.0
8.0 1465259183.3333333 1465259266.0
9.0 1465259183.3333333 1465259266.0
10.0 1465259234.5 1465259255.0
7.0 1465259401.5 1465259427.0
8.0 1465259401.5 1465259421.0
9.0 1465259401.5 1465259411.0
10.0 1465259401.5 1465259410.0
6.0 1465261200.0 1465263762.0
7.0 1465261948.0 1465262062.0
8.0 1465261960.0 1465262021.0
9.0 1465261962.0 1465261996.0
6.0 1465264753.0 1465265153.0
6.0 1465266483.0 1465267034.0
7.0 1465266602.0 1465266623.0
8.0 1465266602.0 1465266623.0
9.0 1465266602.0 1465266612.0
10.0 1465266605.0 1465266611.0
6.0 1465268190.0 1465268493.0
6.0 1465272222.0 1465272541.0
6.0 1465273632.0 1465273812.0
7.0 1465273793.0 1465273812.0
8.0 1465273793.0 1465273812.0
9.0 1465273793.0 1465273802.0
10.0 1465273794.25 1465273801.0
6.0 1465276452.0 1465276831.0
7.0 1465276754.0 1465276831.0
8.0 1465276769.0 1465276820.0
6.0 1465277073.0 1465277976.0
7.0 1465277347.0 1465277480.0
8.0 1465277359.0 1465277414.0
7.0 1465277647.5 1465277735.0
8.0 1465277647.5 1465277711.0
6.0 1465278201.0 1465278523.0
6.0 1465280954.0 1465281253.0
7.0 1465281011.0 1465281037.0
8.0 1465281018.5 1465281037.0
9.0 1465281018.5 1465281027.0
10.0 1465281018.5 1465281027.0
6.0 1465282892.0 1465283409.0
6.0 1465284825.0 1465285484.0
6.0 1465286306.0 1465286729.0
7.0 1465286317.0 1465286339.0
8.0 1465286317.0 1465286339.0
9.0 1465286317.0 1465286329.0
10.0 1465286319.2 1465286325.0
11.0 1465286319.2 1465286325.0
6.0 1465287964.0 1465288591.0
7.0 1465287964.0 1465288138.0
8.0 1465287964.0 1465287985.0
9.0 1465287964.0 1465287975.0
10.0 1465287965.0 1465287971.0
11.0 1465287967.25 1465287971.0
6.0 1465295419.3333333 1465295698.0
7.0 1465295419.3333333 1465295439.0
8.0 1465295419.3333333 1465295439.0
9.0 1465295419.3333333 1465295437.0
10.0 1465295419.3333333 1465295430.0
6.0 1465297186.0 1465297452.0
6.0 1465299744.0 1465300220.0
6.0 1465302586.5 1465303191.0
7.0 1465302586.5 1465302642.0
8.0 1465302586.5 1465302621.0
9.0 1465302586.5 1465302621.0
10.0 1465302600.5 1465302612.0
11.0 1465302604.0 1465302610.0
6.0 1465304492.0 1465310113.0
7.0 1465304503.0 1465305122.0
8.0 1465304545.0 1465304699.0
9.0 1465304547.0 1465304699.0
10.0 1465304547.0 1465304699.0
11.0 1465304547.0 1465304698.0
12.0 1465304569.0 1465304578.0
12.0 1465304583.0 1465304672.0
13.0 1465304618.0 1465304643.0
12.0 1465304685.0 1465304698.0
8.0 1465304821.0 1465305122.0
9.0 1465304883.0 1465305122.0
10.0 1465304903.0 1465305121.0
11.0 1465304914.0 1465305121.0
12.0 1465304968.0 1465305101.0
13.0 1465305060.0 1465305094.0
12.0 1465305106.0 1465305116.0
7.0 1465305299.0 1465305458.0
8.0 1465305328.3333333 1465305458.0
9.0 1465305328.3333333 1465305458.0
10.0 1465305328.3333333 1465305337.0
10.0 1465305347.0 1465305456.0
11.0 1465305357.0 1465305456.0
12.0 1465305359.0 1465305455.0
13.0 1465305416.0 1465305451.0
14.0 1465305419.0 1465305438.0
14.0 1465305441.0 1465305443.0
7.0 1465305599.0 1465309878.0
8.0 1465305599.0 1465305725.0
9.0 1465305619.5 1465305725.0
10.0 1465305619.5 1465305725.0
11.0 1465305629.0 1465305724.0
12.0 1465305681.0 1465305724.0
13.0 1465305686.0 1465305705.0
13.0 1465305713.0 1465305719.0
8.0 1465305948.0 1465306026.0
9.0 1465305948.0 1465306010.0
10.0 1465305959.0 1465306009.0
8.0 1465306200.5 1465306362.0
9.0 1465306221.5 1465306350.0
10.0 1465306229.0 1465306235.0
10.0 1465306249.0 1465306350.0
11.0 1465306260.0 1465306350.0
12.0 1465306313.0 1465306348.0
13.0 1465306320.0 1465306323.0
13.0 1465306325.0 1465306331.0
8.0 1465306501.0 1465306633.0
9.0 1465306520.5 1465306633.0
10.0 1465306520.5 1465306633.0
11.0 1465306527.3333333 1465306632.0
12.0 1465306553.2 1465306562.0
12.0 1465306577.0 1465306625.0
13.0 1465306586.0 1465306625.0
14.0 1465306598.0 1465306599.0
8.0 1465306742.0 1465306942.0
9.0 1465306799.0 1465306928.0
10.0 1465306809.3333333 1465306900.0
11.0 1465306854.0 1465306898.0
12.0 1465306859.0 1465306893.0
8.0 1465306988.0 1465306996.0
8.0 1465307062.0 1465307938.0
9.0 1465307086.0 1465307478.0
10.0 1465307086.0 1465307459.0
11.0 1465307107.3333333 1465307228.0
12.0 1465307143.0 1465307146.0
12.0 1465307151.0 1465307165.0
12.0 1465307215.142857 1465307228.0
13.0 1465307217.0 1465307225.0
11.0 1465307242.0 1465307459.0
12.0 1465307248.0 1465307260.0
12.0 1465307282.0 1465307345.0
13.0 1465307306.0 1465307343.0
14.0 1465307308.0 1465307324.0
12.0 1465307357.0 1465307458.0
13.0 1465307396.0 1465307398.0
13.0 1465307402.0 1465307435.0
9.0 1465307516.0 1465307922.0
10.0 1465307518.0 1465307744.0
11.0 1465307522.0 1465307744.0
12.0 1465307549.0 1465307552.0
12.0 1465307573.0 1465307648.0
13.0 1465307581.0 1465307612.0
12.0 1465307654.0 1465307710.0
13.0 1465307683.0 1465307704.0
12.0 1465307734.0 1465307744.0
10.0 1465307761.090909 1465307762.0
11.0 1465307761.090909 1465307762.0
10.0 1465307788.3333333 1465307916.0
11.0 1465307793.0 1465307916.0
12.0 1465307847.0 1465307884.0
13.0 1465307862.090909 1465307884.0
8.0 1465308171.5 1465308260.0
9.0 1465308171.5 1465308220.0
10.0 1465308206.0 1465308218.0
11.0 1465308211.0 1465308215.0
8.0 1465308416.0 1465308497.0
8.0 1465308569.0 1465308698.0
9.0 1465308672.3333333 1465308698.0
10.0 1465308672.3333333 1465308698.0
11.0 1465308674.0 1465308698.0
8.0 1465308731.3333333 1465309059.0
9.0 1465308731.3333333 1465308746.0
9.0 1465308891.3333333 1465308900.0
9.0 1465309047.25 1465309059.0
8.0 1465309131.3333333 1465309299.0
9.0 1465309291.3333333 1465309299.0
8.0 1465309449.0 1465309618.0
9.0 1465309449.0 1465309457.0
8.0 1465309691.25 1465309858.0
9.0 1465309770.3333333 1465309778.0
9.0 1465309828.5 1465309855.0
10.0 1465309833.0 1465309841.0
11.0 1465309833.0 1465309841.0
6.0 1465311447.0 1465313917.0
6.0 1465315517.0 1465317515.0
7.0 1465316953.0 1465317003.0
8.0 1465316987.0 1465317003.0
9.0 1465316987.0 1465316997.0
10.0 1465316987.0 1465316995.0
11.0 1465316990.0 1465316993.0
6.0 1465319583.0 1465320031.0
6.0 1465322249.0 1465322807.0
6.0 1465323923.0 1465324319.0
7.0 1465324209.5 1465324226.0
8.0 1465324209.5 1465324226.0
9.0 1465324209.5 1465324218.0
10.0 1465324209.5 1465324217.0
11.0 1465324211.0 1465324214.0
6.0 1465328480.0 1465328726.0
7.0 1465328607.0 1465328726.0
8.0 1465328607.0 1465328628.0
6.0 1465328903.0 1465330083.0
7.0 1465329571.0 1465329590.0
8.0 1465329571.0 1465329590.0
6.0 1465330286.0 1465331642.0
7.0 1465331357.0 1465331412.0
8.0 1465331390.0 1465331407.0
9.0 1465331390.0 1465331397.0
10.0 1465331391.0 1465331397.0
11.0 1465331391.0 1465331395.0
6.0 1465332752.0 1465338630.0
7.0 1465336297.3333333 1465336339.0
7.0 1465336530.0 1465336551.0
7.0 1465338356.5 1465338379.0
7.0 1465338585.5 1465338617.0
8.0 1465338585.5 1465338617.0
9.0 1465338585.5 1465338609.0
10.0 1465338597.5 1465338607.0
6.0 1465342024.0 1465342293.0
6.0 1465343643.0 1465343934.0
7.0 1465343643.0 1465343730.0
8.0 1465343652.0 1465343730.0
9.0 1465343652.0 1465343730.0
10.0 1465343653.0 1465343665.0
