0|1467180421.0|1467185914.0|set([15944, 4084, 14419, 10212])|['28683']|['1']
1|1456217778.0|1456221026.0|set([21765, 25480, 21713, 14484, 21856, 21922, 18723, 18669, 27184, 23409, 14453, 18679, 18621])|['BT' '17660']|['2' '2']
2|1396876779.0|1396878944.0|set([2886, 13542, 3119, 656, 6009, 3046, 11163, 3134])|['1853']|['1']
3|1458786034.0|1458792417.0|set([21376, 2177, 2437, 3590, 14727, 18314, 1425, 2030, 4376, 2073, 14107, 13085, 16928, 3513, 2722, 1446, 2343, 15658, 12847, 3505, 21814, 55, 825, 314, 3916, 10189, 21331, 2138, 2263, 12378, 2651, 18402, 2535, 18284, 21357, 14062, 15663, 2418, 371, 13434, 13435, 3326])|['20712']|['1']
4|1453313916.0|1453315742.5|set([21697, 23526, 18473, 11760, 11251, 10202, 927, 863])|['UY' '6057']|['1' '1']
5|1437445490.0|1437450471.5|set([18784, 19970, 14183, 19721, 14626, 15984, 16085, 18761, 14200, 15097, 19642, 14076, 14622, 14623])|['18106']|['1']
6|1467112665.0|1467119794.0|set([21634, 21987, 10212, 15944, 22205, 23346, 14419, 4084, 13239, 22235, 13245])|['BJ']|['1']
7|1460226349.5|1460230216.5|set([21634, 15944, 13245, 14490, 23346, 13421, 22205])|['BJ']|['1']
8|1451254868.0|1451257999.0|set([4945, 11797, 10312, 14794, 2427, 3690])|['11426']|['3']
9|1455823786.5|1455826247.0|set([22172, 17089, 20034, 15043, 17092, 2341, 17185, 20588, 17066, 17067, 20556, 2195, 17020, 21497, 17051, 16827, 3004, 16029, 1406, 13631])|['5610' '21502']|['2' '3']
10|1422619925.88|1422621992.25|set([17893, 13585, 20511, 20770, 13603, 16933, 2353, 11563, 3117, 20783, 18225, 15666, 19770, 13116, 18750, 18501, 19782, 1351, 19786, 16716, 10065, 19797, 18521, 13146, 19293, 22110, 12895, 99, 11876, 15889, 10858, 18283, 10610, 10612, 18293, 20608, 1412, 15000, 22163, 20628, 18328, 15771, 13980, 158, 10656, 17832, 18345, 16754, 17583, 20658, 22195, 19380, 19637, 17846, 18361, 18363, 13244, 18366, 17855, 17856, 14785, 13506, 19397, 456, 13514, 16930, 13518, 13520, 17875, 13526, 17879, 17882, 13531, 18399, 13536, 10725, 17895, 10740])|['577' '36692' 'IE' '378']|['1' '1' '3' '1']
11|1447879903.0|1447883932.0|set([21376, 2177, 2437, 3590, 14727, 18314, 2263, 1425, 2030, 4376, 2073, 14107, 13085, 13599, 16928, 1446, 2343, 15658, 12847, 3505, 55, 3513, 314, 3916, 10189, 21331, 2138, 825, 12378, 2651, 18402, 2535, 18284, 14062, 15663, 2418, 371, 13434, 13435])|['20712']|['2']
12|1435309266.0|1435311119.5|set([3297, 15945, 3406, 3289])|['15943']|['1']
13|1467382589.0|1467389593.0|set([20248, 20307, 19767, 20296, 12089, 20371, 20397])|['43754']|['2']
14|1459623755.0|1459626015.0|set([14626, 14184, 19721, 19970, 11311, 15984, 18761, 14200, 15097, 19642, 6139, 14076, 25117, 14622, 14623])|['18106']|['1']
15|1446475810.0|1446478422.0|set([10723, 872, 10729, 10736, 10609, 11606, 11256, 25402, 11195])|['AM']|['1']
16|1428133315.5|1428136034.5|set([20421, 6089, 18772, 18648, 22617, 18716, 18719, 18790, 18729, 18794, 18731, 18732, 20410, 20477])|['LK' '38229']|['1' '1']
17|1468904245.0|1468908103.0|set([22112, 803, 27062, 2376, 21404, 972, 22836, 14709, 918, 12023, 22204])|['12353']|['1']
18|1411124894.91|1411128936.32|set([513, 3074, 4, 2309, 2561, 8, 19724, 13, 16802, 15633, 2066, 15636, 4270, 14614, 3274, 16984, 10013, 13086, 11185, 16931, 10022, 3111, 4137, 42, 2218, 3264, 3118, 2864, 563, 4170, 15753, 15673, 2363, 3132, 3134, 15797, 2881, 3138, 15940, 3510, 2886, 15944, 15946, 2379, 15389, 589, 19790, 16233, 16210, 14419, 15444, 3157, 3001, 16216, 10212, 4186, 603, 20, 16223, 3680, 656, 16852, 19635, 1384, 4156, 11371, 20413, 1393, 3443, 17257, 6009, 12944, 2797, 11968, 17283, 2275, 14572, 11671, 20205, 4240, 15761, 11923, 919, 6041, 14490, 11163, 15770, 414, 2906, 16288, 674, 13477, 17318, 4593, 11176, 15093, 429, 4526, 12207, 4528, 12465, 4447, 12211, 10782, 182, 13239, 13496, 15545, 4539, 13245, 475, 6079, 14528, 15809, 2758, 12065, 14025, 714, 6032, 17314, 1230, 16592, 16594, 14291, 4564, 11854, 3286, 10967, 14296, 217, 16346, 16347, 3549, 10209, 16354, 1251, 16356, 38, 3046, 1255, 13804, 16365, 13806, 4605, 11761, 13810, 4084, 13301, 4600, 16377, 11220, 4860, 2020])|['BJ' '8422' '1853' '3741' '16086' 'BG' '680' '719' '28683' '3265' 'IS']|['2' '1' '1' '1' '1' '1' '1' '1' '2' '1' '1']
19|1468157187.0|1468159764.0|set([27452, 10212, 25565, 13421])|['28683']|['1']
20|1435838605.0|1435841738.0|set([18759, 18573, 19566, 18544, 18326, 18744, 14206])|['6752' 'AD']|['1' '1']
21|1447831480.0|1447835564.0|set([10977, 14178, 22661, 4776, 17578, 22732, 14797, 22640, 6138, 12148, 15966, 17626, 15261, 14558])|['BD']|['1']
22|1462629793.0|1462633867.5|set([18784, 19970, 14184, 18761, 11311, 15984, 15097, 14076])|['18106']|['1']
23|1418472330.0|1418475394.0|set([14419, 10212, 13239, 11944, 15946, 14490, 13245])|['BJ']|['1']
24|1431512677.74|1431514666.52|set([1, 2, 3, 4, 6, 8, 9, 13, 15, 16, 18, 20, 16388, 16412, 34, 38, 39, 40, 41, 42, 43, 44, 46, 47, 16438, 55, 56, 58, 60, 61, 13641, 63, 65, 66, 67, 77, 88, 91, 92, 93, 94, 98, 100, 105, 107, 115, 116, 118, 121, 16509, 126, 127, 132, 133, 134, 16519, 138, 142, 143, 144, 145, 148, 149, 150, 153, 157, 158, 159, 16544, 162, 16548, 169, 174, 175, 182, 16574, 191, 16576, 195, 197, 16583, 202, 16587, 205, 16592, 209, 16594, 16596, 213, 214, 16599, 16600, 217, 223, 224, 227, 16612, 16422, 231, 234, 238, 16623, 241, 242, 243, 244, 246, 249, 250, 254, 16641, 16645, 265, 266, 268, 269, 273, 16661, 16663, 281, 16666, 283, 284, 16670, 16671, 289, 297, 298, 300, 302, 16687, 305, 308, 16693, 310, 314, 316, 16701, 16703, 320, 322, 324, 16710, 16714, 16715, 333, 335, 16720, 16721, 16722, 339, 342, 343, 344, 345, 16730, 16731, 348, 16733, 350, 353, 357, 365, 366, 16751, 16753, 16754, 16758, 376, 379, 16765, 16766, 16769, 16771, 390, 16776, 16777, 394, 395, 396, 400, 401, 402, 405, 406, 407, 412, 414, 16800, 16802, 16803, 420, 421, 422, 425, 426, 428, 429, 430, 431, 433, 434, 16819, 16820, 437, 16822, 16823, 446, 16831, 449, 452, 16837, 16839, 456, 459, 462, 16847, 466, 16852, 16853, 16855, 16856, 16857, 474, 475, 16860, 16861, 16862, 480, 482, 483, 16868, 16869, 16874, 16878, 16882, 16887, 507, 16893, 16894, 513, 16898, 16900, 16901, 16902, 519, 16905, 523, 16908, 525, 16910, 529, 16917, 16919, 16923, 16924, 16927, 16930, 16931, 16933, 16938, 2823, 16940, 558, 559, 560, 16945, 563, 566, 16955, 16956, 573, 574, 576, 16961, 579, 580, 16967, 16970, 587, 588, 589, 593, 16978, 16979, 16980, 16982, 599, 600, 16484, 603, 16989, 16991, 16992, 16993, 610, 611, 16996, 16997, 16998, 615, 617, 621, 622, 623, 624, 17009, 626, 627, 629, 631, 17017, 17018, 17020, 637, 639, 17024, 17025, 17026, 17027, 645, 17030, 17032, 650, 651, 652, 17037, 17038, 17039, 656, 657, 659, 661, 17047, 665, 17050, 667, 669, 670, 17055, 672, 674, 675, 17060, 17063, 17064, 681, 682, 683, 685, 686, 688, 689, 17074, 691, 17076, 697, 17082, 699, 17085, 702, 703, 704, 17089, 708, 17093, 17095, 712, 713, 714, 17099, 717, 17102, 719, 720, 17106, 723, 724, 17110, 17113, 17115, 732, 735, 736, 17121, 739, 741, 17128, 745, 746, 17131, 17133, 750, 751, 17136, 753, 754, 755, 17140, 758, 17143, 761, 17146, 763, 17148, 17149, 767, 17154, 772, 776, 17161, 778, 17163, 780, 781, 784, 785, 786, 787, 788, 2862, 790, 17176, 795, 796, 799, 2864, 803, 806, 807, 808, 17193, 810, 17195, 17196, 2866, 817, 17202, 17203, 17204, 823, 17208, 17209, 826, 17212, 829, 830, 17215, 834, 835, 836, 837, 838, 839, 842, 843, 17228, 17229, 17230, 847, 848, 849, 17234, 853, 17238, 17240, 17242, 859, 865, 17250, 17251, 17252, 17253, 17254, 872, 873, 876, 17261, 879, 17265, 882, 883, 17269, 17270, 887, 888, 17273, 890, 17276, 893, 17279, 896, 898, 17283, 900, 17285, 902, 904, 17291, 910, 911, 912, 17297, 914, 17300, 918, 919, 17304, 17306, 924, 17309, 926, 927, 928, 930, 17315, 933, 17318, 935, 936, 939, 17324, 17325, 17326, 17327, 17328, 945, 949, 951, 952, 17338, 956, 959, 962, 964, 965, 17350, 16399, 972, 974, 975, 976, 980, 982, 17367, 19279, 989, 17374, 991, 17376, 993, 994, 997, 998, 999, 1001, 1003, 1004, 17390, 1009, 17394, 17395, 17396, 1013, 17399, 1018, 1022, 17413, 1033, 2903, 1037, 17423, 1041, 1042, 1044, 1046, 1047, 1048, 1050, 1051, 1052, 17438, 1058, 2908, 1069, 1072, 1075, 17464, 1087, 17472, 1093, 17482, 17483, 2914, 1102, 17488, 17492, 1110, 17495, 1112, 17497, 1117, 16404, 17505, 17510, 1127, 17514, 1131, 1134, 1137, 17525, 1142, 1144, 1147, 1149, 17535, 1157, 1158, 17543, 17546, 19309, 17552, 1169, 17555, 1130, 17558, 17559, 17564, 17565, 17566, 1185, 1186, 17572, 17578, 17583, 17584, 1203, 1205, 1207, 1211, 17596, 1213, 1216, 17601, 17602, 1219, 17604, 1224, 1225, 1226, 1227, 1230, 17616, 17619, 17620, 1237, 1238, 17624, 1243, 1244, 1245, 17632, 1249, 1250, 1251, 1254, 1260, 1261, 1263, 1268, 1272, 1276, 17662, 1280, 1281, 17666, 1284, 1285, 17674, 1293, 17679, 1300, 1304, 17689, 1306, 1310, 1312, 1313, 1314, 1316, 1317, 17703, 17704, 1322, 1323, 1326, 17713, 17715, 1332, 1334, 1336, 1337, 17724, 1342, 1343, 1344, 1347, 17733, 1350, 1352, 1354, 1357, 1360, 1362, 1364, 1365, 1367, 1372, 1375, 19344, 17762, 1382, 1384, 1385, 1387, 1388, 1389, 1393, 1394, 1395, 17780, 17783, 1400, 1401, 1404, 1405, 1406, 1408, 1409, 1410, 17798, 1415, 1419, 17805, 1422, 1423, 17809, 1429, 1430, 1431, 1434, 17823, 17824, 1442, 1443, 1444, 1446, 1447, 17833, 1451, 17837, 17840, 1458, 1459, 17844, 17845, 17846, 17847, 17848, 1467, 17855, 17856, 17858, 1476, 17861, 17863, 17865, 17866, 1484, 2978, 1486, 1488, 1489, 1490, 17875, 1493, 1494, 17879, 17880, 17882, 1500, 1503, 1504, 1507, 17893, 17895, 1512, 17901, 17906, 17907, 17908, 17910, 17912, 2986, 17918, 17919, 17920, 17922, 17924, 17925, 257, 17931, 17932, 17943, 17948, 17950, 19376, 17955, 17956, 17961, 17962, 17978, 17982, 17984, 17990, 17994, 17998, 18000, 19385, 18021, 18022, 18024, 18031, 18035, 18045, 3009, 18056, 18063, 18068, 282, 18085, 18087, 18089, 18091, 18095, 286, 18111, 18112, 18129, 18130, 18152, 18162, 18165, 18169, 18185, 18189, 18195, 19417, 18203, 18208, 18210, 18213, 18227, 3038, 18240, 3041, 18254, 18275, 18287, 18288, 18290, 18293, 18296, 18298, 319, 18300, 18302, 18305, 18310, 18314, 18316, 18317, 18325, 18326, 18329, 18336, 18340, 18344, 18345, 18350, 18359, 18363, 18364, 330, 18366, 18370, 18378, 18385, 2002, 18390, 2007, 18392, 2010, 18396, 2015, 2016, 2017, 18402, 2020, 2021, 18410, 18411, 2030, 2033, 18418, 2036, 18421, 2038, 2039, 2040, 2044, 18429, 2048, 2049, 2050, 2051, 2052, 18437, 2054, 18440, 18442, 2060, 2061, 2062, 2063, 2064, 2066, 3075, 18452, 2069, 2070, 2071, 2075, 18460, 2078, 18465, 18466, 2083, 18469, 18474, 2091, 18477, 2097, 2098, 18483, 18484, 2101, 18486, 19465, 2104, 2106, 2107, 2108, 2110, 2114, 2116, 2117, 2121, 2122, 18514, 2132, 18517, 2134, 18520, 2138, 2143, 2144, 2147, 18534, 2154, 2155, 2156, 18543, 2160, 2161, 2162, 2163, 2164, 2165, 2168, 2171, 2173, 18559, 2176, 2178, 2179, 18564, 2181, 18566, 18567, 2185, 2187, 18572, 18573, 2191, 2194, 18579, 2197, 2198, 18585, 18586, 19482, 2208, 2209, 18594, 18595, 2212, 2213, 18600, 2218, 2220, 2221, 2223, 18609, 2226, 18611, 2228, 18613, 18617, 2234, 2237, 2239, 2240, 18625, 2247, 2250, 2252, 2253, 2256, 2257, 2259, 2260, 2261, 2265, 18651, 2268, 2269, 2272, 2273, 18658, 2275, 2277, 2279, 2280, 2282, 18667, 18670, 2287, 2288, 2290, 2292, 2293, 2296, 18681, 18683, 18685, 18686, 2305, 2306, 18691, 2308, 2309, 2310, 2311, 18697, 2315, 18700, 2317, 2318, 2319, 2321, 2322, 2325, 2326, 2330, 18716, 2333, 2334, 18719, 18720, 2338, 2341, 2343, 2345, 2350, 18735, 392, 2355, 2357, 2358, 18745, 18746, 2363, 2365, 18750, 18751, 2368, 18755, 2374, 18761, 2378, 2379, 2385, 2387, 18772, 2395, 18784, 2401, 2403, 2406, 2407, 18794, 18798, 2415, 2416, 2417, 2418, 2419, 18808, 2425, 18810, 2427, 19721, 2430, 2431, 2432, 18818, 18819, 2437, 2443, 2444, 2445, 2448, 2449, 18834, 18835, 2452, 2453, 2455, 2458, 2462, 2463, 2470, 2471, 2474, 2475, 18861, 2480, 2483, 2486, 18877, 2494, 2495, 2496, 2498, 3147, 19532, 18890, 2511, 419, 2518, 2519, 2520, 16804, 18906, 2523, 2525, 2527, 18914, 18915, 2533, 2535, 2537, 18923, 2542, 2545, 2546, 2550, 2551, 2553, 2555, 2557, 3157, 2561, 2562, 2565, 2567, 2573, 16813, 18960, 2577, 2578, 2580, 18965, 2582, 2583, 2587, 2591, 2592, 2595, 2597, 2598, 18988, 2605, 2611, 2615, 2619, 2623, 2626, 2627, 438, 2630, 19015, 2632, 2638, 2646, 3172, 2650, 2651, 2662, 19047, 2664, 2667, 2669, 2673, 2677, 2678, 19063, 2681, 2682, 2683, 2685, 2690, 2691, 2692, 19078, 2697, 2698, 2699, 2702, 2707, 2711, 2712, 2713, 2714, 2715, 453, 19112, 2729, 2730, 2732, 2733, 2735, 19122, 2744, 2748, 19135, 2753, 2754, 2755, 2758, 2761, 2762, 2764, 2776, 2778, 2779, 2780, 2783, 2792, 19178, 2795, 2796, 2798, 2800, 2802, 2805, 2807, 468, 2810, 19199, 2816, 19202, 19207, 19208, 2825, 2826, 19211, 2829, 19214, 2833, 19220, 19223, 2843, 2844, 2847, 2848, 2851, 2852, 19239, 2856, 19242, 2859, 2861, 19246, 19248, 19249, 19250, 2867, 2868, 19255, 2872, 2874, 19262, 2881, 2886, 2892, 2894, 2895, 19282, 2901, 19287, 2906, 2907, 19292, 19298, 2916, 19302, 19303, 2920, 2922, 2924, 2925, 19310, 19313, 19315, 2932, 2934, 2935, 19320, 2937, 19324, 2941, 19328, 19329, 2951, 19336, 2955, 2956, 2957, 19343, 2960, 2961, 19348, 19351, 2970, 2972, 2975, 2976, 19362, 2980, 2983, 19368, 19370, 19375, 2992, 2993, 19380, 19383, 3001, 19387, 3007, 3008, 19393, 3010, 19395, 3012, 19397, 3016, 3017, 19403, 3021, 19407, 3026, 19411, 19412, 3029, 3031, 3033, 19420, 3037, 19422, 19425, 3043, 3044, 3045, 3046, 3047, 3048, 3239, 19441, 19442, 3059, 3060, 19445, 3062, 3063, 19450, 19451, 19453, 3070, 3072, 19457, 3074, 19459, 16897, 3081, 3082, 3083, 19468, 3085, 3086, 3087, 19472, 19474, 3091, 3093, 3094, 19481, 3098, 3099, 3103, 19632, 518, 3111, 3115, 3117, 3118, 19508, 3126, 19512, 19513, 3132, 19517, 3134, 3253, 3136, 3138, 3139, 3140, 3142, 19527, 3144, 524, 19531, 3148, 3150, 19535, 19536, 3153, 19540, 526, 3161, 19547, 19200, 19551, 3168, 3169, 3170, 19556, 3174, 3178, 19563, 3182, 3183, 19568, 3185, 3186, 3187, 3192, 19579, 3202, 3203, 3204, 3205, 3206, 3210, 3211, 3213, 3214, 19599, 3218, 19605, 3222, 3225, 19610, 19611, 19615, 539, 3237, 3238, 19623, 3241, 3245, 3247, 3248, 3249, 19634, 19635, 3252, 19637, 3254, 3256, 19641, 19642, 3263, 3264, 19650, 19651, 3269, 3274, 19660, 19661, 3278, 19666, 3283, 3284, 3286, 19671, 3291, 655, 19677, 19678, 19679, 3297, 3301, 3303, 3304, 3305, 3307, 3308, 3282, 19694, 19695, 3313, 19698, 19699, 19702, 3319, 19704, 19668, 3324, 3326, 3327, 19714, 3331, 19717, 3334, 19719, 3336, 3337, 3340, 19725, 19728, 3345, 19731, 19732, 19734, 3351, 3356, 3357, 19743, 3362, 3363, 3368, 3369, 6023, 3372, 3377, 19762, 3379, 3294, 19772, 3389, 19774, 3391, 19776, 19777, 19778, 3395, 3396, 16950, 19782, 3400, 19785, 19786, 3405, 3406, 3407, 3409, 19797, 19798, 3419, 3420, 3423, 3425, 571, 3430, 19816, 572, 3441, 3442, 2205, 3446, 3448, 3450, 3456, 16960, 19843, 3460, 3461, 3462, 3467, 3468, 19855, 19856, 22424, 3474, 19862, 19863, 3480, 16964, 19866, 19870, 19871, 19872, 19873, 3491, 3494, 19881, 3498, 583, 3500, 3503, 3506, 3510, 19898, 3515, 19900, 586, 3520, 19905, 16971, 3527, 19912, 16972, 16973, 19920, 3537, 6051, 3540, 19925, 3543, 3544, 3545, 3546, 19931, 3549, 3550, 3553, 19938, 3555, 3557, 19945, 19946, 6055, 19948, 19949, 3566, 19952, 3569, 3570, 595, 19956, 3573, 3574, 19961, 19963, 19966, 3588, 19973, 3590, 19975, 3594, 19983, 19985, 6121, 601, 3611, 20002, 3619, 20004, 3621, 3622, 6065, 3624, 20012, 20015, 20016, 3635, 20020, 3637, 3638, 20023, 20024, 607, 3644, 20030, 3647, 20033, 3650, 3651, 20037, 3656, 3657, 3658, 3661, 3663, 3666, 3667, 20052, 20053, 3670, 20056, 20057, 3678, 3680, 3344, 3682, 614, 3687, 20072, 20073, 3690, 3694, 3695, 3696, 20084, 3702, 20092, 3709, 20094, 3712, 3717, 20102, 20103, 3721, 3725, 3727, 3730, 3732, 20118, 3735, 17007, 20126, 20127, 3747, 3749, 20136, 19740, 3755, 20141, 125, 20145, 3763, 3768, 3777, 22475, 3780, 3781, 3782, 3785, 3786, 3789, 20174, 20180, 22478, 3798, 633, 3801, 20187, 20188, 20190, 3807, 20192, 3809, 20195, 20197, 3820, 20205, 20206, 20208, 3825, 3827, 3828, 20214, 3831, 3832, 20218, 3837, 640, 20226, 20227, 20230, 3848, 20233, 3851, 3853, 3854, 3856, 6104, 20244, 3861, 20253, 17029, 3872, 3875, 20262, 20263, 3880, 3881, 20267, 3884, 3885, 3887, 3888, 20273, 3891, 3892, 20277, 20278, 3895, 3898, 20286, 3903, 3904, 22496, 3906, 20291, 20292, 20295, 17036, 3915, 3916, 20301, 20302, 653, 20313, 3931, 3932, 3933, 3934, 3935, 17040, 20324, 20326, 3944, 3945, 3946, 3947, 3950, 3951, 22504, 3956, 3958, 20343, 3960, 3963, 3966, 3967, 3968, 20353, 20356, 20358, 20360, 3981, 3982, 20368, 3988, 20374, 666, 3999, 20388, 4005, 20392, 20393, 4013, 20399, 20400, 19784, 4018, 4019, 17054, 4022, 20407, 20410, 20413, 17056, 4036, 20421, 4042, 4045, 20430, 20431, 4048, 17059, 4052, 4053, 4054, 20440, 20442, 20443, 20444, 4061, 20446, 4063, 20451, 4068, 20453, 4072, 4075, 4076, 20464, 20467, 17065, 4088, 17066, 20478, 20482, 4100, 4102, 4104, 4105, 4106, 4107, 20492, 20493, 20498, 4117, 20503, 20506, 4123, 4124, 4127, 4128, 17072, 20515, 20519, 20520, 4137, 20522, 20523, 690, 20526, 4143, 4145, 4146, 4149, 20534, 4151, 4153, 20538, 4156, 4157, 20543, 4161, 4164, 4165, 4166, 20556, 20561, 4179, 20566, 20569, 4187, 4190, 4195, 20584, 4201, 20589, 20590, 4208, 20596, 20598, 20599, 4218, 20603, 20608, 20609, 4228, 20615, 4232, 4233, 4238, 20623, 4240, 20627, 4247, 17092, 4250, 4252, 20639, 4257, 20644, 4261, 4264, 4266, 4268, 4270, 4273, 4274, 3443, 17097, 20666, 4283, 4284, 20669, 4286, 4287, 4288, 20673, 20674, 4293, 20678, 4295, 20680, 4299, 20688, 4306, 4308, 20693, 20695, 20699, 4320, 4321, 20707, 20709, 20710, 4328, 20713, 4330, 20715, 20716, 722, 4334, 4335, 20724, 4341, 20727, 4345, 4347, 20734, 4351, 20738, 4357, 4358, 20743, 4360, 20745, 20751, 20752, 4369, 20755, 20756, 20757, 20758, 20759, 4376, 20761, 4378, 4380, 4381, 20767, 20769, 4386, 20771, 19846, 4390, 4393, 20778, 20781, 4400, 4401, 20787, 4404, 4410, 20795, 20796, 4413, 4414, 4419, 4420, 4422, 737, 20808, 19852, 20814, 20819, 4440, 20825, 4443, 20828, 20829, 4446, 4447, 4448, 20840, 20841, 4460, 4463, 4464, 4465, 4468, 17129, 4472, 4473, 4475, 4477, 4480, 4481, 20867, 4484, 4490, 3479, 4492, 4498, 19790, 17134, 4503, 4506, 4509, 4511, 4518, 4519, 4522, 4525, 20882, 4528, 4532, 4534, 4537, 4539, 4540, 20925, 4543, 4544, 4547, 4551, 4554, 4555, 4556, 4563, 4564, 4566, 4568, 20954, 4573, 20961, 4578, 4584, 764, 4588, 4590, 4593, 4594, 4597, 4599, 4600, 4601, 4602, 4605, 4609, 20994, 20995, 4612, 4613, 4615, 4616, 4617, 4619, 4628, 4629, 4632, 4633, 19887, 4636, 21021, 4639, 4640, 21030, 4647, 4649, 4651, 4655, 17160, 4658, 4659, 4660, 4669, 4672, 4673, 779, 19894, 4680, 17164, 4683, 4686, 17165, 4697, 4699, 21085, 21086, 21087, 4709, 4712, 4717, 4718, 3517, 4721, 4722, 4724, 4726, 21119, 21123, 21125, 4745, 4746, 4751, 4752, 4754, 19907, 4756, 4776, 4777, 4778, 4779, 4780, 4783, 3528, 4788, 4790, 4794, 4796, 4798, 4800, 4806, 4809, 21195, 4814, 21199, 21200, 4822, 4823, 4824, 4825, 4826, 4828, 4831, 4832, 4833, 21220, 4837, 4842, 4844, 4846, 19256, 4850, 4851, 4854, 4858, 21243, 4860, 4862, 4870, 21256, 812, 21258, 19927, 4876, 4877, 4879, 21265, 4884, 4886, 21272, 4894, 21279, 4896, 4897, 3547, 21285, 4903, 21292, 818, 4911, 4912, 4914, 4916, 21301, 4922, 4925, 4929, 4930, 4931, 21316, 21319, 4937, 4938, 4939, 21328, 4945, 21332, 825, 4956, 4958, 4959, 21344, 21346, 4965, 828, 21354, 21359, 21361, 4978, 4981, 4982, 3561, 21370, 831, 21374, 4991, 21377, 3564, 21389, 21393, 21394, 21400, 17220, 17221, 21408, 21434, 17226, 21438, 21440, 17227, 21445, 844, 21451, 845, 2351, 846, 3577, 21468, 3579, 850, 21493, 21503, 21508, 21515, 21517, 21520, 856, 21524, 21526, 858, 21536, 21537, 21542, 21544, 21558, 21563, 21567, 21570, 21579, 21581, 21587, 21597, 21598, 869, 16541, 17260, 3607, 19270, 17263, 881, 20003, 889, 21455, 892, 895, 3628, 3632, 726, 20021, 3639, 3640, 20027, 916, 3649, 3457, 21461, 17308, 17314, 17317, 934, 22011, 22018, 20054, 22023, 22032, 22034, 3673, 943, 22047, 22052, 22058, 22059, 22065, 22068, 22069, 22070, 22076, 22091, 22105, 22106, 22107, 22108, 3685, 22113, 22125, 14323, 22130, 22134, 22136, 22138, 17343, 22144, 22145, 22150, 22155, 22158, 22163, 22168, 17348, 22170, 22172, 22174, 22178, 6096, 966, 22186, 22188, 968, 19570, 20096, 983, 3719, 17373, 3471, 20105, 22344, 744, 22370, 22371, 22372, 17382, 22376, 22377, 22382, 6002, 6003, 6004, 6006, 6009, 6010, 6011, 6014, 6015, 6016, 6017, 22402, 18589, 6020, 6021, 6022, 22407, 6024, 6025, 6026, 22412, 6029, 6030, 6031, 6032, 6033, 6034, 6035, 6036, 6037, 6038, 6039, 6040, 6041, 6042, 22427, 6044, 22429, 6046, 6047, 6048, 6049, 6050, 3739, 6052, 6054, 747, 6056, 6057, 6058, 6059, 6060, 6061, 6062, 6063, 22449, 6066, 6069, 6070, 6071, 6072, 6073, 3743, 6076, 6077, 6078, 6079, 22464, 6081, 6082, 22467, 6084, 6086, 6088, 6089, 6090, 6091, 6092, 6093, 6094, 6095, 22480, 6098, 6100, 6101, 6102, 22487, 22488, 6105, 6106, 6107, 6108, 6109, 6110, 6111, 6112, 6113, 6114, 6115, 6116, 6117, 6118, 6119, 6120, 22505, 6122, 6123, 3753, 22520, 22522, 22524, 22533, 22535, 3757, 22545, 22555, 22556, 4570, 22565, 22575, 22581, 22585, 1035, 17421, 3481, 22638, 22645, 22648, 22666, 22690, 17435, 20166, 22724, 22734, 22735, 3804, 20193, 22860, 3811, 2944, 22890, 22898, 22911, 3821, 22939, 22958, 22962, 22983, 22990, 22991, 22995, 22999, 3834, 17494, 3841, 17138, 3499, 23177, 3869, 3871, 23237, 23248, 229, 23290, 1151, 17542, 3889, 20275, 20279, 23387, 20282, 23433, 23434, 3907, 23474, 3918, 20303, 20318, 789, 17608, 17609, 20342, 2428, 1232, 20347, 1236, 3969, 3974, 17628, 3523, 17644, 14437, 4008, 22479, 4015, 4016, 1290, 20405, 13897, 1305, 17174, 4046, 17700, 20438, 1329, 813, 2451, 19911, 17744, 20477, 4108, 824, 20512, 4135, 4139, 4150, 1421, 1425, 17826, 17827, 17830, 17831, 1464, 1477, 1481, 4212, 4214, 17868, 1485, 1491, 1496, 20612, 3028, 4243, 4260, 17917, 20658, 20667, 4289, 4304, 317, 20704, 4325, 4332, 20718, 20741, 20742, 4368, 4372, 20762, 4383, 10001, 10003, 10005, 10006, 10007, 10015, 10016, 10020, 10022, 10024, 10026, 10035, 10040, 20788, 10048, 10051, 10052, 10056, 10059, 10061, 10065, 10067, 10070, 10074, 10077, 10080, 10087, 10089, 10092, 10093, 10099, 10100, 10101, 10109, 10113, 10117, 10118, 10119, 10125, 10126, 10142, 10150, 10151, 10161, 10165, 10166, 10176, 10179, 10180, 10184, 10188, 10204, 10209, 10210, 10214, 10221, 10228, 10231, 10233, 10234, 10238, 10246, 10248, 10249, 10252, 10256, 10266, 10273, 10281, 10283, 10284, 10286, 10287, 10296, 10301, 10305, 10311, 10312, 10330, 10333, 10337, 10338, 10339, 10343, 10350, 10355, 4457, 10362, 10366, 10369, 10371, 10377, 10378, 10381, 10397, 10400, 10403, 10406, 10415, 10418, 10419, 10423, 20852, 10438, 10440, 10441, 10444, 10456, 10457, 10458, 10459, 10460, 10477, 10478, 10481, 10482, 10484, 10486, 10490, 10493, 10497, 10498, 10501, 10502, 10507, 10509, 10510, 10514, 10517, 10518, 10540, 10543, 10544, 10545, 10551, 10555, 10556, 10559, 10561, 10562, 10564, 10565, 10568, 10576, 10577, 10583, 10584, 10585, 10586, 10597, 10598, 10599, 10600, 10601, 10602, 10605, 10609, 10610, 10615, 10620, 10635, 10637, 10638, 10640, 10644, 10645, 10646, 10656, 10662, 10664, 10673, 10674, 10675, 10676, 10677, 10688, 18905, 10692, 10693, 10696, 10704, 10718, 10723, 10729, 10733, 10734, 10735, 10743, 10747, 10751, 10755, 10757, 10772, 4526, 10777, 20069, 10782, 10790, 10791, 10795, 10806, 10807, 10811, 10816, 10819, 4873, 10850, 10865, 10866, 10868, 10869, 10881, 10890, 10893, 10910, 10916, 10921, 10924, 10929, 10933, 10951, 10954, 10964, 10967, 10968, 10972, 10975, 10978, 10984, 10988, 10995, 10997, 11013, 11016, 11020, 11022, 11035, 11036, 11037, 11038, 11055, 11060, 11063, 11065, 11066, 11070, 11074, 11075, 11077, 11090, 11092, 11095, 11101, 11103, 11105, 11110, 370, 11118, 11122, 11140, 11141, 11144, 11145, 11149, 11153, 11159, 11163, 11164, 11166, 11176, 11185, 11189, 11194, 11195, 20981, 11200, 11206, 11209, 11210, 11211, 11213, 11215, 11217, 11220, 11223, 11225, 11226, 11236, 11237, 11241, 11243, 11244, 11253, 11254, 11255, 11256, 11257, 11260, 11266, 11268, 11270, 11272, 11280, 11282, 11285, 11289, 11292, 11296, 11297, 4741, 11323, 11325, 11327, 11334, 11340, 11343, 11351, 11356, 11357, 11371, 11375, 11379, 11384, 11390, 11403, 11406, 11417, 11420, 11421, 11423, 11429, 11434, 11437, 11440, 11443, 11444, 11447, 11448, 11456, 11458, 11461, 11462, 11463, 11473, 382, 11481, 11484, 11487, 11490, 4646, 11494, 11497, 11500, 11504, 11510, 11513, 11516, 11521, 11522, 21035, 11528, 11529, 11530, 11531, 11533, 11535, 11539, 11546, 11555, 11556, 11557, 11561, 11563, 385, 11571, 11573, 11582, 11583, 11585, 11586, 11592, 11593, 11594, 11605, 11606, 11608, 11609, 11617, 11619, 11620, 11622, 11629, 11632, 11635, 11642, 11655, 11661, 11665, 11667, 11671, 11684, 11690, 11691, 11697, 11698, 11703, 11705, 11710, 11712, 11713, 11715, 11716, 11719, 11720, 11722, 11723, 11729, 11733, 11734, 11737, 11738, 11742, 11743, 11744, 11745, 11746, 11747, 11749, 11751, 11753, 11761, 11768, 11787, 11790, 11792, 11794, 11795, 11797, 11801, 11804, 11807, 11811, 11812, 11813, 11842, 11843, 11845, 11849, 11854, 11857, 11862, 11863, 11864, 11870, 11874, 11877, 11880, 11885, 16763, 11904, 11905, 11908, 11914, 11916, 11917, 11918, 11923, 11925, 11933, 11936, 11939, 11958, 11962, 11963, 11967, 11968, 11982, 11985, 11990, 11992, 11994, 11997, 12003, 2001, 12012, 12015, 12016, 12017, 12018, 12020, 12023, 12025, 12026, 12028, 12034, 12036, 12038, 12049, 12050, 12053, 12060, 12063, 12065, 12070, 12071, 12074, 12075, 12078, 12081, 12082, 12084, 12085, 12087, 12092, 12093, 12095, 12099, 12101, 12103, 12106, 12109, 12118, 12120, 12121, 12124, 12125, 12126, 12132, 12134, 12143, 12144, 12148, 12149, 12151, 12152, 2026, 12159, 12160, 12161, 12162, 12171, 12174, 12179, 12180, 12185, 12187, 12189, 12196, 12197, 12199, 12200, 12205, 12207, 12208, 12209, 12211, 2809, 12219, 12220, 12225, 12226, 18422, 12234, 12236, 12237, 12238, 12239, 12244, 12258, 12265, 12277, 12286, 18432, 12292, 12294, 12300, 18434, 12308, 12309, 12311, 12312, 12313, 12316, 12317, 12318, 12319, 12320, 12326, 12330, 12331, 12333, 12334, 12335, 12341, 12343, 12344, 12349, 12350, 12356, 12357, 12359, 12360, 12363, 12367, 12369, 12370, 12372, 12376, 12378, 12380, 12383, 12385, 12389, 12391, 12392, 12394, 2067, 12405, 12409, 12412, 12418, 12419, 18454, 12424, 12426, 12428, 12429, 12430, 12435, 12438, 12439, 12441, 12442, 12443, 12445, 12449, 12451, 12452, 12461, 12465, 12466, 12467, 12472, 12474, 12477, 12486, 12487, 12527, 12531, 12533, 12534, 12535, 12538, 2090, 12554, 12565, 12569, 12571, 12576, 12578, 12579, 12582, 12592, 12593, 12594, 12596, 12599, 12601, 12602, 12605, 19724, 12611, 12615, 12617, 12618, 18487, 12622, 12626, 12630, 12633, 12635, 12639, 18491, 12648, 12652, 12657, 12666, 12668, 12671, 12677, 12685, 12686, 12688, 12693, 12694, 12696, 12706, 12707, 12710, 3151, 12716, 12721, 12722, 12728, 12729, 12732, 12736, 12748, 12750, 12751, 12753, 12754, 12755, 12760, 12762, 12771, 12773, 12775, 12784, 12786, 12787, 12792, 12793, 12794, 12800, 12801, 12804, 12805, 12807, 12808, 12809, 12821, 12827, 12829, 12830, 12833, 12834, 12835, 12842, 12848, 12851, 12855, 12857, 12862, 4875, 12877, 12878, 12879, 12883, 12888, 12890, 12892, 12894, 12902, 4881, 12904, 12919, 12922, 12923, 12925, 12930, 18539, 12937, 12944, 12956, 12968, 12975, 12976, 12980, 12982, 12984, 12985, 4895, 12988, 12990, 12992, 12993, 12998, 12999, 13001, 13005, 13010, 13014, 13018, 13028, 13032, 13034, 13037, 13039, 13040, 13045, 13049, 13050, 13051, 13054, 13061, 13066, 13079, 13081, 13082, 2182, 13096, 2183, 13100, 13104, 21300, 13114, 2815, 13120, 13122, 13127, 13131, 13134, 13135, 13138, 13146, 13151, 13152, 13155, 13159, 18578, 13177, 13179, 13188, 13190, 13191, 13195, 13200, 13201, 13203, 13206, 13209, 13212, 13215, 13216, 13218, 13221, 13222, 13226, 13229, 13230, 13231, 13236, 13239, 13242, 13245, 13248, 13256, 13262, 13264, 13266, 18596, 13275, 13278, 13280, 13282, 13284, 13285, 13289, 13297, 13298, 13299, 13301, 13308, 13311, 13312, 13314, 13316, 13317, 13318, 13319, 13321, 13325, 13327, 13328, 13330, 13334, 13335, 13336, 13337, 2081, 13351, 13355, 13358, 2227, 13364, 13371, 13378, 13381, 13387, 13388, 13392, 18995, 13396, 13399, 13400, 13407, 13410, 13411, 13413, 13414, 13415, 13420, 13427, 13428, 13429, 13430, 4969, 13434, 13436, 4970, 13442, 13443, 13448, 13452, 13457, 13465, 13467, 13470, 13475, 13476, 13477, 13482, 13491, 13492, 13493, 13495, 13496, 13497, 13514, 13518, 13519, 13520, 13521, 13526, 13528, 13536, 13538, 13545, 13548, 16818, 13558, 13561, 13562, 13565, 13566, 13573, 13580, 13590, 13592, 13596, 13606, 13610, 13615, 13618, 13623, 13627, 13631, 13633, 13639, 13640, 16821, 13642, 13643, 13649, 13652, 13654, 13656, 13660, 13665, 13681, 13686, 13692, 13696, 13697, 2283, 13705, 13707, 13709, 13711, 13715, 13716, 13718, 13720, 13724, 13725, 13726, 13727, 13730, 13732, 13734, 13737, 13741, 13743, 13755, 13759, 13763, 13774, 13779, 13788, 2299, 13804, 13805, 13806, 13808, 13810, 2302, 13815, 13816, 13817, 13821, 13822, 13823, 13824, 13831, 13832, 13835, 13837, 13851, 13855, 13859, 13862, 13864, 13873, 13876, 13878, 13886, 13887, 13892, 2316, 13903, 13907, 13910, 13911, 13917, 13921, 13930, 13934, 21437, 13938, 13939, 13942, 13945, 13946, 13960, 13964, 21443, 13982, 13984, 13987, 14014, 14016, 2336, 14018, 14035, 14037, 14038, 14039, 14043, 14061, 14064, 14069, 14076, 3742, 14079, 14080, 14083, 14086, 14090, 14092, 19598, 14100, 14103, 14107, 14113, 14118, 2353, 14132, 14136, 14140, 14152, 14154, 14164, 18747, 472, 14184, 14194, 14197, 14200, 14201, 2367, 14204, 14205, 14209, 14213, 14214, 14216, 14218, 14220, 14226, 14227, 14229, 14230, 14238, 14243, 14250, 14253, 17387, 14256, 14257, 14259, 14260, 14266, 14267, 14271, 14272, 14274, 14277, 14278, 14281, 14290, 14291, 14295, 14296, 14301, 14306, 14311, 14313, 14315, 18771, 14324, 14325, 14327, 14333, 14342, 14343, 14346, 14350, 14351, 14352, 14353, 14354, 14360, 14361, 14367, 14368, 14375, 14376, 14377, 14379, 14381, 14385, 14389, 14391, 2400, 18790, 14440, 14447, 14453, 14454, 14463, 14468, 14471, 14473, 14484, 2414, 20123, 14502, 14503, 14504, 14520, 14528, 14533, 2424, 14548, 14558, 14564, 14569, 14572, 14578, 14585, 14597, 14599, 14602, 14604, 2434, 14611, 14614, 14618, 14620, 14627, 14628, 14630, 14633, 14637, 14645, 14647, 14650, 14651, 14652, 14657, 14671, 14672, 14673, 14674, 14675, 14676, 14677, 14682, 14683, 14685, 14698, 14699, 14705, 14707, 14709, 14712, 14719, 14720, 14723, 14724, 14727, 14730, 14744, 14746, 14747, 14752, 14761, 14765, 14774, 14775, 14777, 14778, 14779, 16859, 14788, 14794, 14796, 14797, 14799, 14806, 14813, 14814, 14820, 13393, 14824, 14837, 14842, 14846, 14850, 14856, 2477, 14864, 14873, 14877, 14880, 14882, 14889, 14892, 14894, 14900, 14910, 14913, 14916, 14917, 2827, 14925, 14926, 14927, 14928, 14932, 14934, 14938, 14941, 14942, 14946, 14955, 14965, 14969, 14970, 14971, 14983, 15009, 15011, 15015, 15016, 15018, 15019, 15020, 15022, 15026, 15035, 15036, 2506, 15038, 15039, 15040, 15041, 15043, 15044, 15049, 15050, 15071, 15072, 15074, 19597, 15091, 15093, 15094, 15095, 15097, 15102, 15105, 15106, 15107, 15118, 15119, 15121, 15122, 15126, 2521, 15128, 15133, 15138, 15139, 15141, 15143, 15146, 15147, 15149, 15151, 15152, 15153, 15154, 15159, 15164, 15165, 15168, 15170, 15171, 15173, 15174, 15179, 15185, 15199, 15217, 15222, 15228, 15233, 2539, 15251, 15252, 15253, 15257, 15261, 15263, 15264, 15267, 15276, 15282, 15297, 15298, 15309, 15315, 6103, 15318, 15330, 18939, 15348, 2559, 15357, 18945, 15372, 15383, 15393, 15394, 15407, 15414, 15424, 15444, 15483, 516, 15523, 15554, 15560, 15573, 15602, 15604, 15605, 15608, 15609, 15614, 15615, 15617, 15622, 15623, 15630, 15633, 15634, 15636, 15637, 15640, 15641, 15643, 15651, 15653, 15655, 15658, 15663, 15667, 15673, 15682, 15687, 15690, 15691, 15698, 15699, 15702, 15706, 15710, 15714, 19003, 15716, 15717, 15718, 15723, 15725, 15728, 15731, 15734, 15736, 15737, 15739, 15744, 15745, 15747, 15753, 15761, 15767, 15770, 15771, 15772, 15774, 2629, 15779, 15785, 15789, 15790, 15792, 15793, 15797, 15798, 15799, 15800, 15801, 15804, 15809, 15817, 15819, 15826, 15832, 15837, 15843, 15844, 15845, 15852, 15853, 15857, 15862, 15865, 15867, 15873, 15874, 15875, 15878, 15883, 15885, 15887, 15890, 15893, 15896, 15903, 15911, 15913, 15918, 15921, 15922, 15926, 15928, 15930, 15933, 15934, 15935, 15938, 15940, 15943, 15958, 15964, 15965, 15969, 15972, 15973, 15977, 15979, 15984, 15988, 15992, 15995, 16005, 16007, 16010, 16012, 16015, 16018, 16019, 16020, 16021, 16024, 16033, 16040, 16044, 16047, 16050, 16051, 16058, 16060, 16072, 16075, 16085, 16087, 16091, 16095, 16103, 16106, 16108, 16109, 16112, 16116, 16117, 16118, 16119, 16121, 16123, 16135, 16143, 16144, 16146, 16147, 16148, 16149, 16152, 16154, 16155, 16163, 2694, 16168, 16172, 16174, 16186, 16187, 16188, 16190, 16193, 16195, 16198, 16209, 16210, 16216, 16218, 16223, 16226, 16245, 16249, 16257, 16259, 16264, 16266, 16272, 2836, 16274, 16276, 16279, 16284, 16286, 16288, 16290, 16297, 16298, 16300, 16309, 16311, 16312, 16320, 16323, 16324, 16329, 16330, 16341, 16342, 16343, 16346, 16347, 16351, 16354, 16356, 16365, 2728, 16377, 16381])|['FI' 'NL' 'AT' '9031' 'IT' 'All' '20712' 'GR' 'LK' 'CA' 'FR' 'BG' '38229' '8422' '852' '7922' '1853' '8473' 'TR' '3292' 'PL' 'SE' 'LU' 'UA' '16086' '25229' 'RO' 'HU' 'DE']|['1' '1' '1' '1' '1' '5' '1' '1' '1' '1' '2' '3' '1' '1' '1' '1' '1' '1' '1' '1' '2' '1' '2' '2' '1' '1' '1' '1' '3']
25|1446471659.5|1446474534.5|set([21987, 11944, 13245, 23346, 14419, 13239, 22235, 22205])|['BJ']|['1']
26|1464820468.0|1464824312.0|set([26337, 20305, 19752, 20297, 20397, 24845, 20296, 20307, 19767, 20248, 20371, 20925, 19736])|['43754']|['3']
27|1468739460.0|1468741500.0|set([20296, 20297, 26346, 24845, 20397, 20305, 20371, 20248, 12089, 20307, 20925, 19736, 19752])|['43754']|['1']
28|1458968456.0|1458972631.0|set([21765, 21713, 14484, 21856, 21922, 18723, 27184, 23409, 14453, 18679, 18621])|['17660' 'BT']|['1' '1']
29|1396881438.0|1396886460.0|set([13542, 3046, 3119, 656, 3134, 6009, 11163, 3132, 414])|['1853']|['2']
30|1455225790.25|1455229336.25|set([17185, 20034, 3267, 17092, 2341, 14279, 17020, 17066, 17067, 11660, 17330, 17089, 3188, 16185, 15098, 13631, 22172, 17533, 22975])|['35612' '21502']|['1' '1']
31|1426452065.0|1426454340.0|set([17856, 16933, 17895, 17832, 17847, 17875, 17846, 17879, 17882, 17855, 17893])|['378']|['1']
32|1461223814.0|1461227296.0|set([1312, 3297, 14675, 26577, 16147, 3289, 18938])|['15943']|['1']
33|1466628531.0|1466631001.0|set([20003, 21508, 6071, 15817, 22138, 25741, 719])|['2611']|['1']
34|1409131969.0|1409137363.0|set([16065, 15078, 12134, 14284, 1178, 2289, 15958, 15060, 15222, 12154, 12735, 14362, 15039])|['20001']|['2']
35|1443657910.0|1443665660.0|set([18759, 18573, 19566, 18544, 18326, 18744, 14206])|['AD' '6752']|['1' '1']
36|1455392300.0|1455395749.0|set([25480, 21713, 14484, 24991, 21856, 21922, 18723, 18669, 27184, 23409, 14453, 18679, 18621])|['17660' 'BT']|['2' '2']
37|1417009137.5|1417011949.5|set([11968, 12065, 20102, 513, 1384, 14572, 20205, 3510, 13592, 3001, 20413, 4447])|['719']|['1']
38|1425349305.0|1425354073.0|set([513, 166, 1384, 14572, 20205, 13592, 3001, 20413, 4447])|['719']|['1']
39|1433914607.0|1433918931.0|set([4945, 11797, 10312, 3690, 22511, 14794, 12143])|['11426']|['1']
40|1466089637.0|1466095580.5|set([26337, 27059, 19767, 19752, 20307, 20397])|['43754']|['1']
41|1443522026.5|1443527120.0|set([20421, 18185, 18643, 18772, 22617, 18716, 18719, 20449, 18790, 18727, 18729, 18794, 18731, 18732, 6089, 20410, 20477])|['LK' '38229']|['2' '2']
42|1409131666.5|1409137822.17|set([2427, 19457, 12739, 15035, 10312, 10377, 14794, 14092, 14253, 12334, 12143, 15760, 3665, 13682, 11795, 468, 14102, 11529, 10714, 13499])|['11351' '10796' '11426']|['3' '2' '2']
43|1431512691.83|1431515089.83|set([10923, 16388, 14342, 18440, 2060, 14351, 4113, 2066, 12317, 10273, 2083, 4102, 14375, 41, 14381, 22575, 4104, 12341, 4150, 55, 2104, 14391, 20538, 2107, 61, 12350, 65, 67, 12356, 4165, 12359, 12360, 2122, 12367, 20561, 2132, 2134, 12378, 91, 13642, 93, 2117, 95, 12389, 18534, 12391, 14440, 105, 3345, 22645, 20599, 14325, 14463, 18112, 12419, 14468, 3094, 14471, 2185, 22666, 18572, 3619, 20627, 2197, 12438, 12442, 157, 2213, 4264, 4266, 14507, 12461, 4270, 12465, 12466, 12467, 18613, 14528, 4289, 14533, 12486, 17260, 4299, 2253, 22734, 14543, 209, 14548, 10460, 2269, 20704, 2275, 14569, 14572, 10481, 242, 10281, 14585, 18421, 18685, 2432, 13050, 4357, 14599, 2315, 2316, 2317, 273, 10514, 14611, 4372, 14614, 4376, 4378, 283, 14620, 16670, 3461, 2338, 14627, 4145, 14633, 2350, 1442, 14645, 2358, 1093, 314, 14651, 316, 16703, 320, 10635, 16438, 4422, 2378, 2379, 13709, 2385, 14674, 12003, 342, 4153, 10095, 14682, 13711, 350, 4447, 353, 365, 2414, 12349, 4464, 2418, 2110, 18810, 11327, 10620, 2430, 4480, 4481, 18818, 14723, 2437, 14727, 15016, 4492, 2445, 13720, 2451, 2452, 10645, 10650, 4509, 2462, 2463, 16801, 10658, 16804, 4518, 4519, 14761, 2474, 16813, 430, 2401, 10673, 16818, 4532, 16822, 14775, 4511, 12732, 16117, 4544, 449, 3147, 14788, 4854, 2506, 12748, 17826, 2511, 466, 12755, 2519, 2520, 2521, 2523, 2525, 425, 16869, 12775, 10735, 2550, 15785, 12793, 2555, 4522, 16894, 12800, 513, 4617, 16908, 16998, 14864, 16919, 4632, 2587, 16924, 2138, 16927, 14880, 12835, 16938, 558, 21597, 16945, 2611, 2615, 19003, 16956, 13066, 2623, 10816, 16961, 16964, 4534, 16967, 16823, 16972, 16973, 14928, 1464, 16978, 16982, 599, 4699, 14941, 21086, 16991, 16996, 4709, 2662, 4712, 4540, 19063, 2681, 14970, 14971, 12053, 17024, 17025, 17027, 15126, 2694, 17032, 4746, 17035, 17040, 12956, 10910, 17056, 17059, 11752, 17063, 2728, 4778, 4779, 15022, 17208, 17072, 10929, 15026, 2744, 697, 15036, 17085, 4896, 11753, 15044, 17093, 14113, 13001, 13005, 21200, 17106, 10967, 17115, 2978, 17121, 15074, 3169, 17128, 17129, 12968, 17131, 12754, 751, 753, 17140, 13045, 15094, 17143, 761, 23290, 17148, 2815, 2816, 17154, 15107, 2820, 17160, 17161, 2826, 780, 11022, 2861, 785, 19220, 4886, 13079, 11035, 11036, 2848, 806, 13734, 17193, 16121, 15149, 814, 4911, 13104, 817, 17202, 21300, 15838, 14473, 824, 17209, 826, 15164, 17546, 831, 15168, 836, 17221, 17227, 17228, 17230, 19256, 15843, 825, 17240, 858, 23387, 2908, 13804, 15199, 865, 17253, 438, 828, 2535, 2825, 19309, 711, 17263, 881, 11122, 2935, 888, 17273, 17276, 17279, 19328, 904, 11145, 910, 19344, 17297, 21394, 12099, 19348, 13206, 919, 13209, 3443, 924, 927, 928, 930, 15267, 13221, 2486, 13226, 13810, 13230, 17327, 11185, 13236, 952, 3001, 21438, 17343, 21440, 17348, 17350, 3510, 11211, 976, 10330, 2894, 11223, 13275, 991, 3043, 13285, 849, 3048, 17387, 15348, 1018, 1022, 13317, 12801, 3081, 3085, 11280, 856, 21524, 3093, 21526, 13335, 1048, 1050, 2907, 19920, 13493, 15424, 3139, 3446, 3142, 1207, 19533, 11016, 19535, 13393, 21587, 3157, 17494, 3159, 20291, 1117, 13407, 17505, 3170, 13414, 13420, 21461, 17525, 13434, 13439, 3203, 1157, 876, 3210, 19605, 17558, 17559, 3225, 19611, 17565, 13477, 16270, 3239, 2972, 1205, 3254, 11447, 11807, 1213, 4640, 16587, 11461, 17608, 1225, 3282, 17619, 19671, 19677, 13538, 17637, 10108, 10109, 15602, 11516, 3326, 11521, 1284, 1285, 11531, 13580, 17679, 3344, 15633, 15634, 13592, 15643, 15251, 1314, 18735, 3369, 1322, 15663, 13618, 3379, 1344, 19778, 1347, 15690, 1357, 19199, 13649, 15698, 227, 12174, 15706, 3420, 1375, 3425, 15714, 15717, 1384, 15725, 11632, 1394, 1395, 15734, 1400, 1401, 13696, 15745, 13686, 3462, 19852, 1421, 19855, 19856, 1425, 3474, 3951, 13716, 3480, 19866, 15774, 2629, 13730, 1444, 1446, 13737, 11164, 15792, 14238, 15798, 17848, 1467, 3520, 15264, 11716, 17866, 1485, 18169, 1488, 1489, 15826, 3545, 11742, 11744, 3555, 15845, 1512, 3561, 10151, 15852, 13805, 13806, 13808, 3570, 3573, 11768, 22011, 11774, 15875, 14934, 3590, 11790, 12205, 15890, 13231, 17948, 16645, 20400, 17955, 11813, 3624, 22068, 3647, 17984, 11843, 6070, 17990, 3661, 11863, 11870, 3680, 22113, 15973, 3687, 15992, 11904, 11905, 11908, 20102, 16007, 11914, 16012, 11917, 16020, 16021, 2805, 22170, 20123, 13982, 16033, 966, 284, 22186, 16047, 17174, 3763, 286, 16054, 14281, 4383, 11968, 3777, 6091, 13697, 18129, 18130, 14035, 633, 16091, 11997, 20195, 2343, 20205, 11243, 16112, 3825, 20210, 16116, 18165, 297, 12025, 15658, 14079, 2651, 14083, 12036, 20233, 16144, 12049, 16146, 18195, 18473, 10006, 16154, 14107, 3869, 17314, 10016, 12065, 14118, 10024, 10026, 15667, 16186, 14140, 2698, 10048, 2699, 20295, 3916, 18402, 18254, 20313, 10077, 12944, 22370, 22372, 22376, 10089, 6119, 18287, 3956, 10101, 14201, 14204, 14205, 3967, 12160, 12162, 16259, 14213, 18314, 12171, 18316, 15682, 6030, 16272, 10134, 22429, 10142, 3999, 18336, 16290, 12196, 12197, 6054, 2033, 20393, 4013, 12207, 14256, 14257, 20405, 4022, 16312, 14266, 6076, 20413, 14271, 14274, 22467, 6087, 16329, 12234, 22475, 4045, 12238, 22480, 4088, 6098, 20444, 6111, 2016, 2017, 10210, 10501, 14311, 6121, 4075, 4076, 2030, 17064, 18418, 12277, 22520, 818, 18429, 12286, 1365])|['12322' 'RS' 'UY' 'EE' '5089' '680' '12741' '31334' '8426' '9143' '719' '31042' '5410' '8447' 'GB' 'ZA' '786' '6661' 'LT' '3243' '3741' '8402' 'NZ']|['1' '1' '1' '1' '1' '1' '1' '1' '1' '1' '1' '1' '1' '1' '1' '1' '1' '2' '1' '1' '1' '1' '1']
44|1464829481.0|1464831527.0|set([26337, 20296, 20297, 20397, 24845, 20305, 20307, 19767, 20248, 20371, 20925, 19736, 19752])|['43754']|['2']
45|1433859219.5|1433861604.0|set([18784, 14626, 14183, 14184, 18761, 19970, 15984, 16085, 14200, 15097, 19642, 14076, 14622, 14623])|['18106']|['1']
46|1462178827.0|1462189245.0|set([18791, 4969, 12426, 19911, 24908, 12103, 19033, 20282, 15740, 10397, 25983])|['5650']|['2']
47|1443130145.5|1443134238.0|set([930, 23892, 924, 4779, 14204, 466])|['8447']|['1']
48|1461236005.0|1461239182.0|set([12289, 10661, 26834, 18357, 12854, 2712, 23771, 21181, 12927])|['22047']|['1']
49|1458185387.5|1458189777.5|set([21376, 2177, 2437, 3590, 14727, 18314, 2263, 1425, 12378, 2030, 4376, 2073, 14107, 13085, 13599, 16928, 2722, 1446, 2343, 15658, 15663, 3505, 12847, 21814, 55, 825, 314, 3916, 10189, 21331, 3513, 2138, 2651, 18402, 2535, 18284, 21357, 14062, 371, 13434, 13435, 3326])|['20712']|['1']
50|1465258230.0|1465271272.0|set([10850, 3238, 11434, 4525, 20498, 20596, 2101, 24505, 810, 14910])|['9031']|['1']
51|1463030686.0|1463033744.0|set([2753, 2306, 17864, 121, 10938, 2603, 14130])|['41164']|['1']
52|1450269241.5|1450271975.0|set([2336, 764, 3211, 17604])|['1955']|['1']
53|1415668528.0|1415670615.0|set([4448, 4401, 4419, 11199])|['35244']|['1']
54|1457511139.0|1457523760.0|set([21634, 21987, 11944, 27452, 15946, 13245, 13239, 22235, 20892, 22205])|['BJ']|['2']
55|1421406598.5|1421409349.5|set([14220, 4124, 15604, 20526])|['9506']|['1']
56|1414253493.0|1414258860.0|set([15944, 14490, 14419, 10212, 13301])|['28683']|['2']
57|1466416180.5|1466418184.5|set([15969, 18759, 18544, 18326])|['AD' '6752']|['2' '2']
58|1455773563.0|1455788039.88|set([21888, 19970, 12163, 22662, 14220, 1037, 14350, 301, 14352, 19989, 13807, 4124, 14623, 17312, 14626, 14200, 4132, 19627, 22701, 21833, 19642, 23486, 25155, 18761, 2891, 20621, 18385, 21848, 14042, 14171, 18784, 19041, 14183, 14184, 22638, 17007, 16104, 19062, 3191, 10807, 15097, 3450, 14075, 14076])|['2516' 'NC' 'SG' '9506']|['1' '1' '1' '1']
59|1446681764.0|1446684059.0|set([15969, 18759, 18573, 19566, 18544, 18326, 14206])|['AD' '6752']|['1' '1']
60|1466397213.5|1466400181.5|set([15969, 18759, 18544, 14206])|['AD' '6752']|['1' '1']
61|1398680488.5|1398685118.0|set([14200, 14626, 14183, 14184, 14076, 14623])|['18106']|['1']
62|1457904093.0|1457906276.0|set([21856, 21922, 18723, 23409, 21713, 14484, 14453, 18679, 24991])|['17660' 'BT']|['1' '1']
63|1456207948.5|1456212551.5|set([25480, 25453, 21713, 14484, 24991, 21856, 21922, 18723, 18669, 27184, 23409, 14453, 18679, 18621])|['BT' '17660']|['1' '1']
64|1422585349.5|1422587151.0|set([18784, 19970, 14183, 14184, 19721, 14626, 16085, 14200, 15097, 19642, 14076, 14622])|['18106']|['1']
65|1412689485.0|1412691875.0|set([2336, 3747, 3211, 3245, 3742])|['1955']|['2']
66|1417454812.0|1417457019.0|set([2976, 16769, 22565, 842, 2667, 437, 16279, 15928])|['29695']|['1']
67|1410049596.0|1410059434.0|set([14419, 10212, 13301, 15944, 4084, 15946, 14490])|['BJ']|['1']
68|1450098219.0|1450106390.0|set([21697, 17826, 17477, 18473, 11760, 10202, 863])|['6057' 'UY']|['2' '1']
69|1459211011.5|1459213494.5|set([24609, 21811, 24789, 6136, 24795, 25055])|['MV']|['1']
70|1410050075.0|1410059434.0|set([15944, 10212, 14490, 4084, 13301])|['28683']|['1']
71|1455773564.33|1455787600.67|set([19970, 18761, 21197, 18643, 18772, 17081, 22617, 18716, 18719, 18784, 14626, 14564, 14183, 14184, 18729, 18731, 14200, 15097, 19642, 14623, 17119])|['38229' '18106' 'LK']|['1' '1' '1']
72|1451138609.0|1451141209.0|set([3267, 14279, 24553, 14695, 11660, 16185, 15098, 14686, 22975])|['35612']|['4']
73|1446925085.0|1446927470.0|set([3267, 14695, 24553, 14279, 11660, 3188, 1240, 16185, 15098, 17533, 14686, 22975])|['35612']|['1']
74|1453943139.0|1453947790.0|set([15969, 18759, 18544, 18762, 18573, 19566, 18576, 18744, 14206])|['6752' 'AD']|['1' '1']
75|1434912552.65|1434917018.15|set([17410, 19459, 14340, 14341, 13318, 4105, 17930, 22027, 18444, 13838, 14351, 10072, 14866, 16387, 2581, 4118, 12315, 3104, 3620, 18438, 22058, 12844, 2094, 605, 4145, 22578, 2107, 65, 4164, 13494, 12870, 20236, 2122, 75, 20556, 18512, 3668, 3669, 442, 4192, 3683, 3686, 13414, 1127, 15976, 3687, 20588, 13933, 19678, 16488, 3188, 11384, 13948, 14973, 19582, 4735, 4225, 11906, 10371, 1157, 1303, 11410, 2195, 148, 13975, 20120, 3737, 16029, 22174, 10399, 17571, 1189, 11433, 17863, 1196, 2930, 18607, 3762, 11603, 11451, 10422, 3767, 18618, 10427, 14014, 373, 15041, 15043, 16068, 16758, 12486, 16071, 6110, 17102, 11472, 1240, 218, 11997, 10462, 3036, 20711, 747, 16725, 16621, 16110, 17533, 16112, 754, 1275, 18678, 15098, 639, 11010, 10647, 13580, 2317, 19731, 2324, 14279, 16663, 16154, 11036, 285, 2847, 19234, 3547, 16165, 2524, 19242, 15149, 10542, 4829, 14641, 13109, 10039, 2873, 19771, 828, 4925, 18751, 10048, 2369, 15682, 16715, 12108, 18765, 16718, 19793, 16722, 12115, 1365, 16185, 856, 14682, 16731, 16732, 14686, 2402, 13667, 14695, 361, 10727, 14700, 1389, 17941, 3442, 3444, 1397, 6006, 13688, 380, 15743, 13396, 17793, 17797, 13633, 3465, 2954, 3467, 20717, 13200, 3476, 12695, 22424, 14237, 17822, 20127, 2977, 418, 11171, 19228, 10151, 14761, 16302, 17841, 6068, 16312, 14266, 12447, 3004, 12874, 19902, 799, 13249, 14274, 11203, 3525, 10694, 17825, 12234, 18423, 12238, 22479, 3027, 334, 19415, 13273, 17270, 13275, 20444, 4062, 11232, 13283, 22500, 12775, 19955, 15860, 15861, 15785, 21497, 13818, 21500, 16827, 18773])|['701' '7018' '2856' 'CZ' '6739' '5610' '5617' '35612' '3301' '6128']|['1' '1' '1' '1' '1' '1' '1' '1' '1' '1']
76|1446779451.0|1446783839.5|set([3267, 14279, 24553, 14695, 3188, 1240, 16185, 15098, 17533, 14686])|['35612']|['1']
