0 1484611847.0 1484696455.0
1 1484611847.0 1484696455.0
2 1484611847.0 1484696455.0
3 1484611847.0 1484696455.0
4 1484611847.0 1484646727.0
5 1484611847.0 1484624217.0
6.0 1484623055.0 1484623502.0
7.0 1484623055.0 1484623319.0
8.0 1484623055.0 1484623319.0
9.0 1484623055.0 1484623319.0
10.0 1484623055.0 1484623319.0
11.0 1484623055.0 1484623151.0
12.0 1484623098.0 1484623151.0
13.0 1484623117.5 1484623133.0
11.0 1484623221.0 1484623319.0
12.0 1484623286.0 1484623319.0
13.0 1484623286.0 1484623319.0
4.0 1484662531.0 1484696455.0
