1484618588 1 1 0
1484618682 2 1 0
1484618685 3 1 0
1484618783 2 0 1
1484618796 1 0 1
1484618822 0 0 1
1484619059 1 1 0
1484619133 2 1 0
1484619226 3 1 0
1484619356 2 0 1
1484619545 1 0 1
1484619718 2 1 0
1484620461 3 1 0
1484620848 2 0 1
1484621358 3 1 0
1484621615 2 0 1
1484621919 3 1 0
1484622009 2 0 1
1484622253 3 1 0
1484623054 2 0 1
1484623057 1 0 1
1484623068 0 0 1
1484623074 -1 0 1
1484623078 -2 0 1
1484623083 -3 0 1
1484623091 -4 0 1
1484623097 -6 0 2
1484623100 -9 0 3
1484623103 -10 0 1
1484623108 -11 0 1
1484623109 -13 0 2
1484623114 -14 0 1
1484623117 -16 0 2
1484623118 -17 0 1
1484623120 -18 0 1
1484623121 -20 0 2
1484623123 -21 0 1
1484623125 -22 0 1
1484623126 -23 0 1
1484623127 -24 0 1
1484623128 -26 0 2
1484623129 -27 0 1
1484623130 -29 0 2
1484623131 -30 0 1
1484623132 -31 0 1
1484623135 -32 0 1
1484623138 -33 0 1
1484623142 -34 0 1
1484623144 -36 0 2
1484623146 -37 0 1
1484623147 -38 0 1
1484623148 -39 0 1
1484623150 -40 0 1
1484623198 -41 0 1
1484623203 -42 0 1
1484623220 -43 0 1
1484623225 -44 0 1
1484623226 -45 0 1
1484623233 -46 0 1
1484623242 -47 0 1
1484623246 -48 0 1
1484623257 -49 0 1
1484623261 -50 0 1
1484623262 -51 0 1
1484623263 -52 0 1
1484623265 -53 0 1
1484623269 -54 0 1
1484623278 -55 0 1
1484623285 -56 0 1
1484623286 -58 0 2
1484623289 -59 0 1
1484623290 -61 0 2
1484623293 -64 0 3
1484623294 -66 0 2
1484623295 -67 0 1
1484623296 -68 0 1
1484623298 -70 0 2
1484623299 -71 0 1
1484623304 -72 0 1
1484623306 -73 0 1
1484623308 -74 0 1
1484623311 -75 0 1
1484623313 -76 0 1
1484623315 -77 0 1
1484623316 -79 0 2
1484623318 -81 0 2
1484623501 -82 0 1
1484623579 -81 1 0
1484623591 -80 1 0
1484623604 -79 1 0
1484623610 -78 1 0
1484623614 -77 1 0
1484623616 -76 1 0
1484623617 -75 1 0
1484623624 -73 2 0
1484623631 -72 1 0
1484623637 -71 1 0
1484623638 -70 1 0
1484623642 -69 1 0
1484623651 -68 1 0
1484623661 -67 1 0
1484623684 -66 1 0
1484623686 -65 1 0
1484623687 -64 1 0
1484623700 -62 2 0
1484623702 -61 1 0
1484623711 -60 1 0
1484623717 -59 1 0
1484623720 -58 1 0
1484623732 -57 1 0
1484623759 -56 1 0
1484623857 -55 1 0
1484623889 -54 1 0
1484623961 -53 1 0
1484623968 -52 1 0
1484623973 -51 1 0
1484623977 -50 1 0
1484623986 -49 1 0
1484624016 -48 1 0
1484624037 -47 1 0
1484624054 -46 1 0
1484624109 -47 0 1
1484624216 -48 0 1
1484624296 -47 1 0
1484624442 -46 1 0
1484624628 -45 1 0
1484624638 -44 1 0
1484624769 -45 0 1
1484625176 -44 1 0
1484625630 -45 0 1
1484625953 -44 1 0
1484627453 -45 0 1
1484627861 -46 0 1
1484627870 -47 0 1
1484627915 -48 0 1
1484628366 -47 1 0
1484630145 -46 1 0
1484630176 -47 0 1
1484630309 -46 1 0
1484630312 -47 0 1
1484630409 -46 1 0
1484630485 -45 1 0
1484630555 -44 1 0
1484630557 -43 1 0
1484630569 -42 1 0
1484630582 -41 1 0
1484630616 -40 1 0
1484630669 -39 1 0
1484630789 -38 1 0
1484630980 -37 1 0
1484631045 -36 1 0
1484631096 -35 1 0
1484631114 -34 1 0
1484631134 -33 1 0
1484631244 -32 1 0
1484631284 -33 0 1
1484631334 -32 1 0
1484631365 -31 1 0
1484631476 -30 1 0
1484631918 -29 1 0
1484632033 -30 0 1
1484632584 -29 1 0
1484633552 -28 1 0
1484633713 -27 1 0
1484633903 -26 1 0
1484633985 -25 1 0
1484633995 -24 1 0
1484634068 -23 1 0
1484634298 -22 1 0
1484634455 -21 1 0
1484635110 -20 1 0
1484635207 -19 1 0
1484635246 -18 1 0
1484635270 -19 0 1
1484635376 -18 1 0
1484635450 -17 1 0
1484635488 -16 1 0
1484635558 -15 1 0
1484635574 -16 0 1
1484635672 -15 1 0
1484635866 -14 1 0
1484635982 -15 0 1
1484636019 -14 1 0
1484636056 -13 1 0
1484636331 -12 1 0
1484636402 -11 1 0
1484636621 -12 0 1
1484637019 -11 1 0
1484637083 -10 1 0
1484637448 -11 0 1
1484637773 -10 1 0
1484637902 -11 0 1
1484637960 -10 1 0
1484638280 -9 1 0
1484638376 -8 1 0
1484638977 -7 1 0
1484639227 -6 1 0
1484639402 -7 0 1
1484639663 -6 1 0
1484640456 -5 1 0
1484640882 -4 1 0
1484640980 -5 0 1
1484641314 -4 1 0
1484643379 -5 0 1
1484643893 -4 1 0
1484643966 -5 0 1
1484644145 -4 1 0
1484644186 -5 0 1
1484644361 -4 1 0
1484645014 -5 0 1
1484645102 -6 0 1
1484645619 -5 1 0
1484646006 -4 1 0
1484646268 -5 0 1
1484646332 -6 0 1
1484646609 -7 0 1
1484646611 -8 0 1
1484646726 -9 0 1
1484646797 -8 1 0
1484646936 -7 1 0
1484647037 -6 1 0
1484647168 -5 1 0
1484647209 -4 1 0
1484647263 -3 1 0
1484647702 -2 1 0
1484650998 -1 1 0
1484651579 -2 0 1
1484651680 -3 0 1
1484651803 -2 1 0
1484651984 -1 1 0
1484652195 0 1 0
1484652459 -1 0 1
1484653350 0 1 0
1484654500 -1 0 1
1484654815 0 1 0
1484656247 -1 0 1
1484657080 -2 0 1
1484657633 -1 1 0
1484658742 -2 0 1
1484659479 -3 0 1
1484659628 -2 1 0
1484661860 -1 1 0
1484662530 -2 0 1
1484662898 -1 1 0
1484663267 -2 0 1
1484664402 -3 0 1
1484665026 -2 1 0
1484665061 -1 1 0
1484665408 0 1 0
1484665713 1 1 0
1484665749 0 0 1
1484666024 1 1 0
1484666329 0 0 1
1484666420 1 1 0
1484667669 0 0 1
1484667841 -1 0 1
1484667894 0 1 0
1484668158 1 1 0
1484668223 0 0 1
1484669221 -1 0 1
1484669714 0 1 0
1484669746 -1 0 1
1484669946 0 1 0
1484670201 1 1 0
1484670543 2 1 0
1484670846 3 1 0
1484671713 2 0 1
1484671724 1 0 1
1484671832 0 0 1
1484671899 1 1 0
1484672077 0 0 1
1484672604 1 1 0
1484673280 0 0 1
1484673425 1 1 0
1484673597 2 1 0
1484673617 3 1 0
1484673808 2 0 1
1484674015 1 0 1
1484674346 2 1 0
1484674759 3 1 0
1484676468 4 1 0
1484676482 3 0 1
1484677491 2 0 1
1484677767 1 0 1
1484678112 0 0 1
1484678113 1 1 0
1484678153 0 0 1
1484678448 1 1 0
1484678537 2 1 0
1484678601 1 0 1
1484679038 2 1 0
1484679178 3 1 0
1484679330 4 1 0
1484679392 3 0 1
1484679929 4 1 0
1484681728 3 0 1
1484681887 2 0 1
1484681953 3 1 0
1484682339 4 1 0
1484682647 3 0 1
1484683910 2 0 1
1484684297 3 1 0
1484685261 2 0 1
1484685654 3 1 0
1484685706 2 0 1
1484686781 3 1 0
1484687214 2 0 1
1484687496 3 1 0
1484688488 2 0 1
1484688837 3 1 0
1484689297 2 0 1
1484689738 3 1 0
1484689818 2 0 1
1484690090 3 1 0
1484692488 2 0 1
1484692766 3 1 0
1484692776 2 0 1
1484693154 3 1 0
1484694282 2 0 1
1484694704 1 0 1
1484694846 0 0 1
1484695030 1 1 0
1484695088 0 0 1
1484695359 1 1 0
1484695361 2 1 0
1484695712 1 0 1
1484695980 0 0 1
1484696285 1 1 0
1484696412 2 1 0
1484696454 1 0 1
1484697002 2 1 0
