1484524924 503 0 1
1484525249 504 1 0
1484526563 503 0 1
1484527996 502 0 1
1484528108 501 0 1
1484528219 502 1 0
1484528672 503 1 0
1484529169 502 0 1
1484529518 503 1 0
1484531589 502 0 1
1484531884 503 1 0
1484533558 502 0 1
1484534113 503 1 0
1484534551 502 0 1
1484534994 503 1 0
1484535445 502 0 1
1484535479 501 0 1
1484535609 500 0 1
1484535844 501 1 0
1484535864 500 0 1
1484535875 501 1 0
1484536036 502 1 0
1484536082 501 0 1
1484536214 502 1 0
1484538816 501 0 1
1484539036 500 0 1
1484539278 501 1 0
1484539744 502 1 0
1484540492 501 0 1
1484541946 500 0 1
1484542337 501 1 0
1484542781 500 0 1
1484542795 501 1 0
1484543083 502 1 0
1484544234 501 0 1
1484544824 502 1 0
1484546689 501 0 1
1484547055 502 1 0
1484549633 501 0 1
1484550452 502 1 0
1484551650 501 0 1
1484551871 502 1 0
1484552065 503 1 0
1484552310 502 0 1
1484552777 503 1 0
1484553844 502 0 1
1484554273 503 1 0
1484554459 502 0 1
1484554763 503 1 0
1484554812 502 0 1
1484555033 501 0 1
1484555161 502 1 0
1484555566 501 0 1
1484555712 502 1 0
1484556224 501 0 1
1484556634 502 1 0
1484558142 501 0 1
1484558692 502 1 0
1484558708 501 0 1
1484558709 500 0 1
1484558953 499 0 1
1484559171 500 1 0
1484559284 501 1 0
1484559465 502 1 0
1484559942 501 0 1
1484560199 500 0 1
1484560327 499 0 1
1484560554 500 1 0
1484560787 501 1 0
1484561377 502 1 0
1484562424 501 0 1
1484562827 502 1 0
1484562890 501 0 1
1484564401 502 1 0
1484565367 501 0 1
1484565670 502 1 0
1484565755 501 0 1
1484565779 500 0 1
1484565985 499 0 1
1484566423 500 1 0
1484566594 501 1 0
1484567210 502 1 0
1484568822 501 0 1
1484568996 500 0 1
1484569402 501 1 0
1484569440 500 0 1
1484569470 499 0 1
1484570002 500 1 0
1484570124 501 1 0
1484571134 500 0 1
1484571492 501 1 0
1484572240 500 0 1
1484572830 499 0 1
1484573602 500 1 0
1484573859 499 0 1
1484573900 500 1 0
1484574810 501 1 0
1484576089 502 1 0
1484576221 501 0 1
1484576542 500 0 1
1484576933 501 1 0
1484576972 502 1 0
1484577182 501 0 1
1484577292 500 0 1
1484577562 501 1 0
1484577601 502 1 0
1484577781 501 0 1
1484577967 500 0 1
1484578234 501 1 0
1484578726 502 1 0
1484579056 503 1 0
1484579388 502 0 1
1484579589 503 1 0
1484580069 502 0 1
1484580472 503 1 0
1484581844 502 0 1
1484582192 503 1 0
1484585145 502 0 1
1484585556 503 1 0
1484586566 502 0 1
1484587111 501 0 1
1484587280 502 1 0
1484587290 501 0 1
1484587631 502 1 0
1484588215 501 0 1
1484588542 500 0 1
1484588810 501 1 0
1484588940 502 1 0
1484589074 501 0 1
1484589360 502 1 0
1484589976 503 1 0
1484592139 502 0 1
1484592427 501 0 1
1484592546 500 0 1
1484592810 501 1 0
1484592891 502 1 0
1484592900 501 0 1
1484593149 500 0 1
1484593321 501 1 0
1484593958 500 0 1
1484594788 499 0 1
1484594846 498 0 1
1484595064 499 1 0
1484595130 500 1 0
1484595263 501 1 0
1484596385 500 0 1
1484596656 501 1 0
1484597044 500 0 1
1484597746 501 1 0
1484597963 500 0 1
1484598171 499 0 1
1484598392 500 1 0
1484598644 499 0 1
1484598657 498 0 1
1484598701 499 1 0
1484598832 500 1 0
1484599500 501 1 0
1484600455 500 0 1
1484600756 501 1 0
1484600802 500 0 1
1484600816 499 0 1
1484601037 500 1 0
1484601816 499 0 1
1484601956 500 1 0
1484602983 501 1 0
1484603017 500 0 1
1484603349 499 0 1
1484603775 500 1 0
1484604573 499 0 1
1484604831 500 1 0
1484606164 499 0 1
1484606604 500 1 0
1484608669 499 0 1
1484609213 500 1 0
1484611846 499 0 1
1484611887 498 0 1
1484611949 497 0 1
1484611985 496 0 1
1484612117 495 0 1
1484612224 494 0 1
1484612485 495 1 0
1484612534 496 1 0
1484612680 495 0 1
1484612961 494 0 1
1484613187 495 1 0
1484613488 494 0 1
1484613720 495 1 0
1484613838 494 0 1
1484614056 493 0 1
1484614127 494 1 0
1484614242 495 1 0
1484614296 496 1 0
1484614334 495 0 1
1484614432 494 0 1
1484614466 493 0 1
1484614472 494 1 0
1484614671 495 1 0
1484614803 496 1 0
1484614862 495 0 1
1484614913 496 1 0
1484615034 497 1 0
1484615370 496 0 1
1484615669 497 1 0
1484616037 496 0 1
1484616077 495 0 1
1484616125 494 0 1
1484616720 495 1 0
1484616901 494 0 1
1484617256 493 0 1
1484617522 494 1 0
1484617544 495 1 0
1484617670 496 1 0
1484617877 497 1 0
1484618196 496 0 1
1484618238 495 0 1
1484618295 494 0 1
1484618380 495 1 0
1484618588 496 1 0
1484618682 497 1 0
1484618685 498 1 0
1484618783 497 0 1
1484618796 496 0 1
1484618822 495 0 1
1484619059 496 1 0
1484619133 497 1 0
1484619226 498 1 0
1484619356 497 0 1
1484619545 496 0 1
1484619718 497 1 0
1484620461 498 1 0
1484620848 497 0 1
1484621358 498 1 0
1484621615 497 0 1
1484621919 498 1 0
1484622009 497 0 1
1484622253 498 1 0
1484623054 497 0 1
1484623057 496 0 1
1484623068 495 0 1
1484623074 494 0 1
1484623078 493 0 1
1484623083 492 0 1
1484623091 491 0 1
1484623097 489 0 2
1484623100 486 0 3
1484623103 485 0 1
1484623108 484 0 1
1484623109 482 0 2
1484623114 481 0 1
1484623117 479 0 2
1484623118 478 0 1
1484623120 477 0 1
1484623121 475 0 2
1484623123 474 0 1
1484623125 473 0 1
1484623126 472 0 1
1484623127 471 0 1
1484623128 469 0 2
1484623129 468 0 1
1484623130 466 0 2
1484623131 465 0 1
1484623132 464 0 1
1484623135 463 0 1
1484623138 462 0 1
1484623142 461 0 1
1484623144 459 0 2
1484623146 458 0 1
1484623147 457 0 1
1484623148 456 0 1
1484623150 455 0 1
1484623198 454 0 1
1484623203 453 0 1
1484623220 452 0 1
1484623225 451 0 1
1484623226 450 0 1
1484623233 449 0 1
1484623242 448 0 1
1484623246 447 0 1
1484623257 446 0 1
1484623261 445 0 1
1484623262 444 0 1
1484623263 443 0 1
1484623265 442 0 1
1484623269 441 0 1
1484623278 440 0 1
1484623285 439 0 1
1484623286 437 0 2
1484623289 436 0 1
1484623290 434 0 2
1484623293 431 0 3
1484623294 429 0 2
1484623295 428 0 1
1484623296 427 0 1
1484623298 425 0 2
1484623299 424 0 1
1484623304 423 0 1
1484623306 422 0 1
1484623308 421 0 1
1484623311 420 0 1
1484623313 419 0 1
1484623315 418 0 1
1484623316 416 0 2
1484623318 414 0 2
1484623501 413 0 1
1484623579 414 1 0
1484623591 415 1 0
1484623604 416 1 0
1484623610 417 1 0
1484623614 418 1 0
1484623616 419 1 0
1484623617 420 1 0
1484623624 422 2 0
1484623631 423 1 0
1484623637 424 1 0
1484623638 425 1 0
1484623642 426 1 0
1484623651 427 1 0
1484623661 428 1 0
1484623684 429 1 0
1484623686 430 1 0
1484623687 431 1 0
1484623700 433 2 0
1484623702 434 1 0
1484623711 435 1 0
1484623717 436 1 0
1484623720 437 1 0
1484623732 438 1 0
1484623759 439 1 0
1484623857 440 1 0
1484623889 441 1 0
1484623961 442 1 0
1484623968 443 1 0
1484623973 444 1 0
1484623977 445 1 0
1484623986 446 1 0
1484624016 447 1 0
1484624037 448 1 0
1484624054 449 1 0
1484624109 448 0 1
1484624216 447 0 1
1484624296 448 1 0
1484624442 449 1 0
1484624628 450 1 0
1484624638 451 1 0
1484624769 450 0 1
1484625176 451 1 0
1484625630 450 0 1
1484625953 451 1 0
1484627453 450 0 1
1484627861 449 0 1
1484627870 448 0 1
1484627915 447 0 1
1484628366 448 1 0
1484630145 449 1 0
1484630176 448 0 1
1484630309 449 1 0
1484630312 448 0 1
1484630409 449 1 0
1484630485 450 1 0
1484630555 451 1 0
1484630557 452 1 0
1484630569 453 1 0
1484630582 454 1 0
1484630616 455 1 0
1484630669 456 1 0
1484630789 457 1 0
1484630980 458 1 0
1484631045 459 1 0
1484631096 460 1 0
1484631114 461 1 0
1484631134 462 1 0
1484631244 463 1 0
1484631284 462 0 1
1484631334 463 1 0
1484631365 464 1 0
1484631476 465 1 0
1484631918 466 1 0
1484632033 465 0 1
1484632584 466 1 0
1484633552 467 1 0
1484633713 468 1 0
1484633903 469 1 0
1484633985 470 1 0
1484633995 471 1 0
1484634068 472 1 0
1484634298 473 1 0
1484634455 474 1 0
1484635110 475 1 0
1484635207 476 1 0
1484635246 477 1 0
1484635270 476 0 1
1484635376 477 1 0
1484635450 478 1 0
1484635488 479 1 0
1484635558 480 1 0
1484635574 479 0 1
1484635672 480 1 0
1484635866 481 1 0
1484635982 480 0 1
1484636019 481 1 0
1484636056 482 1 0
1484636331 483 1 0
1484636402 484 1 0
1484636621 483 0 1
1484637019 484 1 0
1484637083 485 1 0
1484637448 484 0 1
1484637773 485 1 0
1484637902 484 0 1
1484637960 485 1 0
1484638280 486 1 0
1484638376 487 1 0
1484638977 488 1 0
1484639227 489 1 0
1484639402 488 0 1
1484639663 489 1 0
1484640456 490 1 0
1484640882 491 1 0
1484640980 490 0 1
1484641314 491 1 0
1484643379 490 0 1
1484643893 491 1 0
1484643966 490 0 1
1484644145 491 1 0
1484644186 490 0 1
1484644361 491 1 0
1484645014 490 0 1
1484645102 489 0 1
1484645619 490 1 0
1484646006 491 1 0
1484646268 490 0 1
1484646332 489 0 1
1484646609 488 0 1
1484646611 487 0 1
1484646726 486 0 1
1484646797 487 1 0
1484646936 488 1 0
1484647037 489 1 0
1484647168 490 1 0
1484647209 491 1 0
1484647263 492 1 0
1484647702 493 1 0
1484650998 494 1 0
1484651579 493 0 1
1484651680 492 0 1
1484651803 493 1 0
1484651984 494 1 0
1484652195 495 1 0
1484652459 494 0 1
1484653350 495 1 0
1484654500 494 0 1
1484654815 495 1 0
1484656247 494 0 1
1484657080 493 0 1
1484657633 494 1 0
1484658742 493 0 1
1484659479 492 0 1
1484659628 493 1 0
1484661860 494 1 0
1484662530 493 0 1
1484662898 494 1 0
1484663267 493 0 1
1484664402 492 0 1
1484665026 493 1 0
1484665061 494 1 0
1484665408 495 1 0
1484665713 496 1 0
1484665749 495 0 1
1484666024 496 1 0
1484666329 495 0 1
1484666420 496 1 0
1484667669 495 0 1
1484667841 494 0 1
1484667894 495 1 0
1484668158 496 1 0
1484668223 495 0 1
1484669221 494 0 1
1484669714 495 1 0
1484669746 494 0 1
1484669946 495 1 0
1484670201 496 1 0
1484670543 497 1 0
1484670846 498 1 0
1484671713 497 0 1
1484671724 496 0 1
1484671832 495 0 1
1484671899 496 1 0
1484672077 495 0 1
1484672604 496 1 0
1484673280 495 0 1
1484673425 496 1 0
1484673597 497 1 0
1484673617 498 1 0
1484673808 497 0 1
1484674015 496 0 1
1484674346 497 1 0
1484674759 498 1 0
1484676468 499 1 0
1484676482 498 0 1
1484677491 497 0 1
1484677767 496 0 1
1484678112 495 0 1
1484678113 496 1 0
1484678153 495 0 1
1484678448 496 1 0
1484678537 497 1 0
1484678601 496 0 1
1484679038 497 1 0
1484679178 498 1 0
1484679330 499 1 0
1484679392 498 0 1
1484679929 499 1 0
1484681728 498 0 1
1484681887 497 0 1
1484681953 498 1 0
1484682339 499 1 0
1484682647 498 0 1
1484683910 497 0 1
1484684297 498 1 0
1484685261 497 0 1
1484685654 498 1 0
1484685706 497 0 1
1484686781 498 1 0
1484687214 497 0 1
1484687496 498 1 0
1484688488 497 0 1
1484688837 498 1 0
1484689297 497 0 1
1484689738 498 1 0
1484689818 497 0 1
1484690090 498 1 0
1484692488 497 0 1
1484692766 498 1 0
1484692776 497 0 1
1484693154 498 1 0
1484694282 497 0 1
1484694704 496 0 1
1484694846 495 0 1
1484695030 496 1 0
1484695088 495 0 1
1484695359 496 1 0
1484695361 497 1 0
1484695712 496 0 1
1484695980 495 0 1
1484696285 496 1 0
1484696412 497 1 0
1484696454 496 0 1
1484697002 497 1 0
